1999 3001
1001 1 1 1 1 1 1 1 1 1 1 1 1 1 1 1 1 1 1 1 1 1 1 1 1 1 1 1 1 1 1 1 1 1 1 1 1 1 1 1 1 1 1 1 1 1 1 1 1 1 1 1 1 1 1 1 1 1 1 1 1 1 1 1 1 1 1 1 1 1 1 1 1 1 1 1 1 1 1 1 1 1 1 1 1 1 1 1 1 1 1 1 1 1 1 1 1 1 1 1 1 1 1 1 1 1 1 1 1 1 1 1 1 1 1 1 1 1 1 1 1 1 1 1 1 1 1 1 1 1 1 1 1 1 1 1 1 1 1 1 1 1 1 1 1 1 1 1 1 1 1 1 1 1 1 1 1 1 1 1 1 1 1 1 1 1 1 1 1 1 1 1 1 1 1 1 1 1 1 1 1 1 1 1 1 1 1 1 1 1 1 1 1 1 1 1 1 1 1 1 1 1 1 1 1 1 1 1 1 1 1 1 1 1 1 1 1 1 1 1 1 1 1 1 1 1 1 1 1 1 1 1 1 1 1 1 1 1 1 1 1 1 1 1 1 1 1 1 1 1 1 1 1 1 1 1 1 1 1 1 1 1 1 1 1 1 1 1 1 1 1 1 1 1 1 1 1 1 1 1 1 1 1 1 1 1 1 1 1 1 1 1 1 1 1 1 1 1 1 1 1 1 1 1 1 1 1 1 1 1 1 1 1 1 1 1 1 1 1 1 1 1 1 1 1 1 1 1 1 1 1 1 1 1 1 1 1 1 1 1 1 1 1 1 1 1 1 1 1 1 1 1 1 1 1 1 1 1 1 1 1 1 1 1 1 1 1 1 1 1 1 1 1 1 1 1 1 1 1 1 1 1 1 1 1 1 1 1 1 1 1 1 1 1 1 1 1 1 1 1 1 1 1 1 1 1 1 1 1 1 1 1 1 1 1 1 1 1 1 1 1 1 1 1 1 1 1 1 1 1 1 1 1 1 1 1 1 1 1 1 1 1 1 1 1 1 1 1 1 1 1 1 1 1 1 1 1 1 1 1 1 1 1 1 1 1 1 1 1 1 1 1 1 1 1 1 1 1 1 1 1 1 1 1 1 1 1 1 1 1 1 1 1 1 1 1 1 1 1 1 1 1 1 1 1 1 1 1 1 1 1 1 1 1 1 1 1 1 1 1 1 1 1 1 1 1 1 1 1 1 1 1 1 1 1 1 1 1 1 1 1 1 1 1 1 1 1 1 1 1 1 1 1 1 1 1 1 1 1 1 1 1 1 1 1 1 1 1 1 1 1 1 1 1 1 1 1 1 1 1 1 1 1 1 1 1 1 1 1 1 1 1 1 1 1 1 1 1 1 1 1 1 1 1 1 1 1 1 1 1 1 1 1 1 1 1 1 1 1 1 1 1 1 1 1 1 1 1 1 1 1 1 1 1 1 1 1 1 1 1 1 1 1 1 1 1 1 1 1 1 1 1 1 1 1 1 1 1 1 1 1 1 1 1 1 1 1 1 1 1 1 1 1 1 1 1 1 1 1 1 1 1 1 1 1 1 1 1 1 1 1 1 1 1 1 1 1 1 1 1 1 1 1 1 1 1 1 1 1 1 1 1 1 1 1 1 1 1 1 1 1 1 1 1 1 1 1 1 1 1 1 1 1 1 1 1 1 1 1 1 1 1 1 1 1 1 1 1 1 1 1 1 1 1 1 1 1 1 1 1 1 1 1 1 1 1 1 1 1 1 1 1 1 1 1 1 1 1 1 1 1 1 1 1 1 1 1 1 1 1 1 1 1 1 1 1 1 1 1 1 1 1 1 1 1 1 1 1 1 1 1 1 1 1 1 1 1 1 1 1 1 1 1 1 1 1 1 1 1 1 1 1 1 1 1 1 1 1 1 1 1 1 1 1 1 1 1 1 1 1 1 1 1 1 1 1 1 1 1 1 1 1 1 1 1 1 1 1 1 1 1 1 1 1 1 1 1 1 1 1 1 1 1 1 1 1 1 1 1 1 1 1 1 1 1 1 1 1 1 1 1 1 1 1 1 1 1 1 1 1 1 1 1 1 1 1 1 1 1 1 1 1 1 1 1 1 1 1 1 1 1 1 1 1 1 1 1 1 1 1 1 1 1 1 1 1 1 1 1 1 1 1 1 1 1 1 1 1 1 1 1 1 1 1 1 1 1 1 1 1 1 1 1 1 1 1 1 1 1 1 1 1 1 1 1 1 1 1 1 1 1 1 1 1 1 1 1 1 1 1 1 1
1 1

2 1 593 431 1001 AEq
2 1 593 571 1002 AEq
2 1 1003 1002 1004 AAdd
2 1 593 426 1005 AEq
2 1 1004 1005 1006 AAdd
2 1 593 96 1007 AEq
2 1 1006 1007 1008 AAdd
2 1 593 985 1009 AEq
2 1 1008 1009 1010 AAdd
2 1 593 222 1011 AEq
2 1 1010 1011 1012 AAdd
2 1 593 35 1013 AEq
2 1 1012 1013 1014 AAdd
2 1 593 155 1015 AEq
2 1 1014 1015 1016 AAdd
2 1 593 347 1017 AEq
2 1 1016 1017 1018 AAdd
2 1 593 751 1019 AEq
2 1 1018 1019 1020 AAdd
2 1 593 825 1021 AEq
2 1 1020 1021 1022 AAdd
2 1 593 887 1023 AEq
2 1 1022 1023 1024 AAdd
2 1 593 973 1025 AEq
2 1 1024 1025 1026 AAdd
2 1 593 127 1027 AEq
2 1 1026 1027 1028 AAdd
2 1 593 214 1029 AEq
2 1 1028 1029 1030 AAdd
2 1 593 850 1031 AEq
2 1 1030 1031 1032 AAdd
2 1 593 986 1033 AEq
2 1 1032 1033 1034 AAdd
2 1 593 775 1035 AEq
2 1 1034 1035 1036 AAdd
2 1 593 152 1037 AEq
2 1 1036 1037 1038 AAdd
2 1 593 92 1039 AEq
2 1 1038 1039 1040 AAdd
2 1 593 574 1041 AEq
2 1 1040 1041 1042 AAdd
2 1 593 675 1043 AEq
2 1 1042 1043 1044 AAdd
2 1 593 416 1045 AEq
2 1 1044 1045 1046 AAdd
2 1 593 434 1047 AEq
2 1 1046 1047 1048 AAdd
2 1 593 166 1049 AEq
2 1 1048 1049 1050 AAdd
2 1 593 241 1051 AEq
2 1 1050 1051 1052 AAdd
2 1 593 496 1053 AEq
2 1 1052 1053 1054 AAdd
2 1 593 404 1055 AEq
2 1 1054 1055 1056 AAdd
2 1 593 232 1057 AEq
2 1 1056 1057 1058 AAdd
2 1 593 510 1059 AEq
2 1 1058 1059 1060 AAdd
2 1 593 82 1061 AEq
2 1 1060 1061 1062 AAdd
2 1 593 72 1063 AEq
2 1 1062 1063 1064 AAdd
2 1 593 533 1065 AEq
2 1 1064 1065 1066 AAdd
2 1 593 610 1067 AEq
2 1 1066 1067 1068 AAdd
2 1 593 255 1069 AEq
2 1 1068 1069 1070 AAdd
2 1 593 903 1071 AEq
2 1 1070 1071 1072 AAdd
2 1 593 42 1073 AEq
2 1 1072 1073 1074 AAdd
2 1 593 233 1075 AEq
2 1 1074 1075 1076 AAdd
2 1 593 782 1077 AEq
2 1 1076 1077 1078 AAdd
2 1 593 699 1079 AEq
2 1 1078 1079 1080 AAdd
2 1 593 806 1081 AEq
2 1 1080 1081 1082 AAdd
2 1 593 87 1083 AEq
2 1 1082 1083 1084 AAdd
2 1 593 128 1085 AEq
2 1 1084 1085 1086 AAdd
2 1 593 865 1087 AEq
2 1 1086 1087 1088 AAdd
2 1 593 778 1089 AEq
2 1 1088 1089 1090 AAdd
2 1 593 134 1091 AEq
2 1 1090 1091 1092 AAdd
2 1 593 1 1093 AEq
2 1 1092 1093 1094 AAdd
2 1 593 394 1095 AEq
2 1 1094 1095 1096 AAdd
2 1 593 369 1097 AEq
2 1 1096 1097 1098 AAdd
2 1 593 712 1099 AEq
2 1 1098 1099 1100 AAdd
2 1 593 407 1101 AEq
2 1 1100 1101 1102 AAdd
2 1 593 466 1103 AEq
2 1 1102 1103 1104 AAdd
2 1 593 154 1105 AEq
2 1 1104 1105 1106 AAdd
2 1 593 843 1107 AEq
2 1 1106 1107 1108 AAdd
2 1 593 641 1109 AEq
2 1 1108 1109 1110 AAdd
2 1 593 216 1111 AEq
2 1 1110 1111 1112 AAdd
2 1 593 484 1113 AEq
2 1 1112 1113 1114 AAdd
2 1 593 868 1115 AEq
2 1 1114 1115 1116 AAdd
2 1 593 286 1117 AEq
2 1 1116 1117 1118 AAdd
2 1 593 300 1119 AEq
2 1 1118 1119 1120 AAdd
2 1 593 497 1121 AEq
2 1 1120 1121 1122 AAdd
2 1 593 747 1123 AEq
2 1 1122 1123 1124 AAdd
2 1 593 106 1125 AEq
2 1 1124 1125 1126 AAdd
2 1 593 695 1127 AEq
2 1 1126 1127 1128 AAdd
2 1 593 926 1129 AEq
2 1 1128 1129 1130 AAdd
2 1 593 817 1131 AEq
2 1 1130 1131 1132 AAdd
2 1 593 897 1133 AEq
2 1 1132 1133 1134 AAdd
2 1 593 173 1135 AEq
2 1 1134 1135 1136 AAdd
2 1 593 998 1137 AEq
2 1 1136 1137 1138 AAdd
2 1 593 921 1139 AEq
2 1 1138 1139 1140 AAdd
2 1 593 958 1141 AEq
2 1 1140 1141 1142 AAdd
2 1 593 688 1143 AEq
2 1 1142 1143 1144 AAdd
2 1 593 34 1145 AEq
2 1 1144 1145 1146 AAdd
2 1 593 212 1147 AEq
2 1 1146 1147 1148 AAdd
2 1 593 23 1149 AEq
2 1 1148 1149 1150 AAdd
2 1 593 814 1151 AEq
2 1 1150 1151 1152 AAdd
2 1 593 811 1153 AEq
2 1 1152 1153 1154 AAdd
2 1 593 120 1155 AEq
2 1 1154 1155 1156 AAdd
2 1 593 343 1157 AEq
2 1 1156 1157 1158 AAdd
2 1 593 614 1159 AEq
2 1 1158 1159 1160 AAdd
2 1 593 332 1161 AEq
2 1 1160 1161 1162 AAdd
2 1 593 543 1163 AEq
2 1 1162 1163 1164 AAdd
2 1 593 299 1165 AEq
2 1 1164 1165 1166 AAdd
2 1 593 545 1167 AEq
2 1 1166 1167 1168 AAdd
2 1 593 294 1169 AEq
2 1 1168 1169 1170 AAdd
2 1 593 217 1171 AEq
2 1 1170 1171 1172 AAdd
2 1 593 600 1173 AEq
2 1 1172 1173 1174 AAdd
2 1 593 779 1175 AEq
2 1 1174 1175 1176 AAdd
2 1 593 69 1177 AEq
2 1 1176 1177 1178 AAdd
2 1 593 723 1179 AEq
2 1 1178 1179 1180 AAdd
2 1 593 308 1181 AEq
2 1 1180 1181 1182 AAdd
2 1 593 27 1183 AEq
2 1 1182 1183 1184 AAdd
2 1 593 552 1185 AEq
2 1 1184 1185 1186 AAdd
2 1 593 518 1187 AEq
2 1 1186 1187 1188 AAdd
2 1 593 126 1189 AEq
2 1 1188 1189 1190 AAdd
2 1 593 66 1191 AEq
2 1 1190 1191 1192 AAdd
2 1 593 719 1193 AEq
2 1 1192 1193 1194 AAdd
2 1 593 724 1195 AEq
2 1 1194 1195 1196 AAdd
2 1 593 978 1197 AEq
2 1 1196 1197 1198 AAdd
2 1 593 944 1199 AEq
2 1 1198 1199 1200 AAdd
2 1 593 251 1201 AEq
2 1 1200 1201 1202 AAdd
2 1 593 974 1203 AEq
2 1 1202 1203 1204 AAdd
2 1 593 883 1205 AEq
2 1 1204 1205 1206 AAdd
2 1 593 789 1207 AEq
2 1 1206 1207 1208 AAdd
2 1 593 461 1209 AEq
2 1 1208 1209 1210 AAdd
2 1 593 885 1211 AEq
2 1 1210 1211 1212 AAdd
2 1 593 711 1213 AEq
2 1 1212 1213 1214 AAdd
2 1 593 273 1215 AEq
2 1 1214 1215 1216 AAdd
2 1 593 840 1217 AEq
2 1 1216 1217 1218 AAdd
2 1 593 999 1219 AEq
2 1 1218 1219 1220 AAdd
2 1 593 585 1221 AEq
2 1 1220 1221 1222 AAdd
2 1 593 51 1223 AEq
2 1 1222 1223 1224 AAdd
2 1 593 99 1225 AEq
2 1 1224 1225 1226 AAdd
2 1 593 911 1227 AEq
2 1 1226 1227 1228 AAdd
2 1 593 164 1229 AEq
2 1 1228 1229 1230 AAdd
2 1 593 206 1231 AEq
2 1 1230 1231 1232 AAdd
2 1 593 357 1233 AEq
2 1 1232 1233 1234 AAdd
2 1 593 7 1235 AEq
2 1 1234 1235 1236 AAdd
2 1 593 761 1237 AEq
2 1 1236 1237 1238 AAdd
2 1 593 264 1239 AEq
2 1 1238 1239 1240 AAdd
2 1 593 599 1241 AEq
2 1 1240 1241 1242 AAdd
2 1 593 257 1243 AEq
2 1 1242 1243 1244 AAdd
2 1 593 608 1245 AEq
2 1 1244 1245 1246 AAdd
2 1 593 258 1247 AEq
2 1 1246 1247 1248 AAdd
2 1 593 298 1249 AEq
2 1 1248 1249 1250 AAdd
2 1 593 528 1251 AEq
2 1 1250 1251 1252 AAdd
2 1 593 923 1253 AEq
2 1 1252 1253 1254 AAdd
2 1 593 59 1255 AEq
2 1 1254 1255 1256 AAdd
2 1 593 685 1257 AEq
2 1 1256 1257 1258 AAdd
2 1 593 874 1259 AEq
2 1 1258 1259 1260 AAdd
2 1 593 54 1261 AEq
2 1 1260 1261 1262 AAdd
2 1 593 502 1263 AEq
2 1 1262 1263 1264 AAdd
2 1 593 831 1265 AEq
2 1 1264 1265 1266 AAdd
2 1 593 580 1267 AEq
2 1 1266 1267 1268 AAdd
2 1 593 45 1269 AEq
2 1 1268 1269 1270 AAdd
2 1 593 596 1271 AEq
2 1 1270 1271 1272 AAdd
2 1 593 618 1273 AEq
2 1 1272 1273 1274 AAdd
2 1 593 457 1275 AEq
2 1 1274 1275 1276 AAdd
2 1 593 121 1277 AEq
2 1 1276 1277 1278 AAdd
2 1 593 44 1279 AEq
2 1 1278 1279 1280 AAdd
2 1 593 364 1281 AEq
2 1 1280 1281 1282 AAdd
2 1 593 819 1283 AEq
2 1 1282 1283 1284 AAdd
2 1 593 469 1285 AEq
2 1 1284 1285 1286 AAdd
2 1 593 468 1287 AEq
2 1 1286 1287 1288 AAdd
2 1 593 6 1289 AEq
2 1 1288 1289 1290 AAdd
2 1 593 664 1291 AEq
2 1 1290 1291 1292 AAdd
2 1 593 674 1293 AEq
2 1 1292 1293 1294 AAdd
2 1 593 643 1295 AEq
2 1 1294 1295 1296 AAdd
2 1 593 717 1297 AEq
2 1 1296 1297 1298 AAdd
2 1 593 458 1299 AEq
2 1 1298 1299 1300 AAdd
2 1 593 691 1301 AEq
2 1 1300 1301 1302 AAdd
2 1 593 81 1303 AEq
2 1 1302 1303 1304 AAdd
2 1 593 315 1305 AEq
2 1 1304 1305 1306 AAdd
2 1 593 914 1307 AEq
2 1 1306 1307 1308 AAdd
2 1 593 491 1309 AEq
2 1 1308 1309 1310 AAdd
2 1 593 105 1311 AEq
2 1 1310 1311 1312 AAdd
2 1 593 287 1313 AEq
2 1 1312 1313 1314 AAdd
2 1 593 686 1315 AEq
2 1 1314 1315 1316 AAdd
2 1 593 411 1317 AEq
2 1 1316 1317 1318 AAdd
2 1 593 637 1319 AEq
2 1 1318 1319 1320 AAdd
2 1 593 968 1321 AEq
2 1 1320 1321 1322 AAdd
2 1 593 472 1323 AEq
2 1 1322 1323 1324 AAdd
2 1 593 149 1325 AEq
2 1 1324 1325 1326 AAdd
2 1 593 437 1327 AEq
2 1 1326 1327 1328 AAdd
2 1 593 847 1329 AEq
2 1 1328 1329 1330 AAdd
2 1 593 960 1331 AEq
2 1 1330 1331 1332 AAdd
2 1 593 672 1333 AEq
2 1 1332 1333 1334 AAdd
2 1 593 366 1335 AEq
2 1 1334 1335 1336 AAdd
2 1 593 851 1337 AEq
2 1 1336 1337 1338 AAdd
2 1 593 438 1339 AEq
2 1 1338 1339 1340 AAdd
2 1 593 919 1341 AEq
2 1 1340 1341 1342 AAdd
2 1 593 359 1343 AEq
2 1 1342 1343 1344 AAdd
2 1 593 841 1345 AEq
2 1 1344 1345 1346 AAdd
2 1 593 442 1347 AEq
2 1 1346 1347 1348 AAdd
2 1 593 131 1349 AEq
2 1 1348 1349 1350 AAdd
2 1 593 190 1351 AEq
2 1 1350 1351 1352 AAdd
2 1 593 595 1353 AEq
2 1 1352 1353 1354 AAdd
2 1 593 396 1355 AEq
2 1 1354 1355 1356 AAdd
2 1 593 417 1357 AEq
2 1 1356 1357 1358 AAdd
2 1 593 447 1359 AEq
2 1 1358 1359 1360 AAdd
2 1 593 489 1361 AEq
2 1 1360 1361 1362 AAdd
2 1 593 827 1363 AEq
2 1 1362 1363 1364 AAdd
2 1 593 768 1365 AEq
2 1 1364 1365 1366 AAdd
2 1 593 587 1367 AEq
2 1 1366 1367 1368 AAdd
2 1 593 10 1369 AEq
2 1 1368 1369 1370 AAdd
2 1 593 260 1371 AEq
2 1 1370 1371 1372 AAdd
2 1 593 109 1373 AEq
2 1 1372 1373 1374 AAdd
2 1 593 718 1375 AEq
2 1 1374 1375 1376 AAdd
2 1 593 879 1377 AEq
2 1 1376 1377 1378 AAdd
2 1 593 954 1379 AEq
2 1 1378 1379 1380 AAdd
2 1 593 509 1381 AEq
2 1 1380 1381 1382 AAdd
2 1 593 500 1383 AEq
2 1 1382 1383 1384 AAdd
2 1 593 996 1385 AEq
2 1 1384 1385 1386 AAdd
2 1 593 829 1387 AEq
2 1 1386 1387 1388 AAdd
2 1 593 413 1389 AEq
2 1 1388 1389 1390 AAdd
2 1 593 269 1391 AEq
2 1 1390 1391 1392 AAdd
2 1 593 427 1393 AEq
2 1 1392 1393 1394 AAdd
2 1 593 192 1395 AEq
2 1 1394 1395 1396 AAdd
2 1 593 855 1397 AEq
2 1 1396 1397 1398 AAdd
2 1 593 419 1399 AEq
2 1 1398 1399 1400 AAdd
2 1 593 732 1401 AEq
2 1 1400 1401 1402 AAdd
2 1 593 161 1403 AEq
2 1 1402 1403 1404 AAdd
2 1 593 862 1405 AEq
2 1 1404 1405 1406 AAdd
2 1 593 495 1407 AEq
2 1 1406 1407 1408 AAdd
2 1 593 83 1409 AEq
2 1 1408 1409 1410 AAdd
2 1 593 654 1411 AEq
2 1 1410 1411 1412 AAdd
2 1 593 180 1413 AEq
2 1 1412 1413 1414 AAdd
2 1 593 337 1415 AEq
2 1 1414 1415 1416 AAdd
2 1 593 722 1417 AEq
2 1 1416 1417 1418 AAdd
2 1 593 783 1419 AEq
2 1 1418 1419 1420 AAdd
2 1 593 740 1421 AEq
2 1 1420 1421 1422 AAdd
2 1 593 581 1423 AEq
2 1 1422 1423 1424 AAdd
2 1 593 167 1425 AEq
2 1 1424 1425 1426 AAdd
2 1 593 697 1427 AEq
2 1 1426 1427 1428 AAdd
2 1 593 370 1429 AEq
2 1 1428 1429 1430 AAdd
2 1 593 323 1431 AEq
2 1 1430 1431 1432 AAdd
2 1 593 623 1433 AEq
2 1 1432 1433 1434 AAdd
2 1 593 742 1435 AEq
2 1 1434 1435 1436 AAdd
2 1 593 535 1437 AEq
2 1 1436 1437 1438 AAdd
2 1 593 995 1439 AEq
2 1 1438 1439 1440 AAdd
2 1 593 2 1441 AEq
2 1 1440 1441 1442 AAdd
2 1 593 698 1443 AEq
2 1 1442 1443 1444 AAdd
2 1 593 713 1445 AEq
2 1 1444 1445 1446 AAdd
2 1 593 480 1447 AEq
2 1 1446 1447 1448 AAdd
2 1 593 666 1449 AEq
2 1 1448 1449 1450 AAdd
2 1 593 690 1451 AEq
2 1 1450 1451 1452 AAdd
2 1 593 679 1453 AEq
2 1 1452 1453 1454 AAdd
2 1 593 681 1455 AEq
2 1 1454 1455 1456 AAdd
2 1 593 498 1457 AEq
2 1 1456 1457 1458 AAdd
2 1 593 76 1459 AEq
2 1 1458 1459 1460 AAdd
2 1 593 907 1461 AEq
2 1 1460 1461 1462 AAdd
2 1 593 813 1463 AEq
2 1 1462 1463 1464 AAdd
2 1 593 728 1465 AEq
2 1 1464 1465 1466 AAdd
2 1 593 129 1467 AEq
2 1 1466 1467 1468 AAdd
2 1 593 188 1469 AEq
2 1 1468 1469 1470 AAdd
2 1 593 568 1471 AEq
2 1 1470 1471 1472 AAdd
2 1 593 138 1473 AEq
2 1 1472 1473 1474 AAdd
2 1 593 645 1475 AEq
2 1 1474 1475 1476 AAdd
2 1 593 325 1477 AEq
2 1 1476 1477 1478 AAdd
2 1 593 77 1479 AEq
2 1 1478 1479 1480 AAdd
2 1 593 787 1481 AEq
2 1 1480 1481 1482 AAdd
2 1 593 656 1483 AEq
2 1 1482 1483 1484 AAdd
2 1 593 319 1485 AEq
2 1 1484 1485 1486 AAdd
2 1 593 759 1487 AEq
2 1 1486 1487 1488 AAdd
2 1 593 1000 1489 AEq
2 1 1488 1489 1490 AAdd
2 1 593 547 1491 AEq
2 1 1490 1491 1492 AAdd
2 1 593 410 1493 AEq
2 1 1492 1493 1494 AAdd
2 1 593 625 1495 AEq
2 1 1494 1495 1496 AAdd
2 1 593 997 1497 AEq
2 1 1496 1497 1498 AAdd
2 1 593 687 1499 AEq
2 1 1498 1499 1500 AAdd
2 1 593 303 1501 AEq
2 1 1500 1501 1502 AAdd
2 1 593 706 1503 AEq
2 1 1502 1503 1504 AAdd
2 1 593 541 1505 AEq
2 1 1504 1505 1506 AAdd
2 1 593 946 1507 AEq
2 1 1506 1507 1508 AAdd
2 1 593 363 1509 AEq
2 1 1508 1509 1510 AAdd
2 1 593 452 1511 AEq
2 1 1510 1511 1512 AAdd
2 1 593 916 1513 AEq
2 1 1512 1513 1514 AAdd
2 1 593 165 1515 AEq
2 1 1514 1515 1516 AAdd
2 1 593 824 1517 AEq
2 1 1516 1517 1518 AAdd
2 1 593 479 1519 AEq
2 1 1518 1519 1520 AAdd
2 1 593 40 1521 AEq
2 1 1520 1521 1522 AAdd
2 1 593 113 1523 AEq
2 1 1522 1523 1524 AAdd
2 1 593 562 1525 AEq
2 1 1524 1525 1526 AAdd
2 1 593 256 1527 AEq
2 1 1526 1527 1528 AAdd
2 1 593 79 1529 AEq
2 1 1528 1529 1530 AAdd
2 1 593 909 1531 AEq
2 1 1530 1531 1532 AAdd
2 1 593 774 1533 AEq
2 1 1532 1533 1534 AAdd
2 1 593 531 1535 AEq
2 1 1534 1535 1536 AAdd
2 1 593 820 1537 AEq
2 1 1536 1537 1538 AAdd
2 1 593 136 1539 AEq
2 1 1538 1539 1540 AAdd
2 1 593 85 1541 AEq
2 1 1540 1541 1542 AAdd
2 1 593 564 1543 AEq
2 1 1542 1543 1544 AAdd
2 1 593 663 1545 AEq
2 1 1544 1545 1546 AAdd
2 1 593 381 1547 AEq
2 1 1546 1547 1548 AAdd
2 1 593 582 1549 AEq
2 1 1548 1549 1550 AAdd
2 1 593 238 1551 AEq
2 1 1550 1551 1552 AAdd
2 1 593 145 1553 AEq
2 1 1552 1553 1554 AAdd
2 1 593 223 1555 AEq
2 1 1554 1555 1556 AAdd
2 1 593 186 1557 AEq
2 1 1556 1557 1558 AAdd
2 1 593 845 1559 AEq
2 1 1558 1559 1560 AAdd
2 1 593 456 1561 AEq
2 1 1560 1561 1562 AAdd
2 1 593 766 1563 AEq
2 1 1562 1563 1564 AAdd
2 1 593 418 1565 AEq
2 1 1564 1565 1566 AAdd
2 1 593 915 1567 AEq
2 1 1566 1567 1568 AAdd
2 1 593 367 1569 AEq
2 1 1568 1569 1570 AAdd
2 1 593 153 1571 AEq
2 1 1570 1571 1572 AAdd
2 1 593 619 1573 AEq
2 1 1572 1573 1574 AAdd
2 1 593 735 1575 AEq
2 1 1574 1575 1576 AAdd
2 1 593 746 1577 AEq
2 1 1576 1577 1578 AAdd
2 1 593 112 1579 AEq
2 1 1578 1579 1580 AAdd
2 1 593 553 1581 AEq
2 1 1580 1581 1582 AAdd
2 1 593 592 1583 AEq
2 1 1582 1583 1584 AAdd
2 1 593 511 1585 AEq
2 1 1584 1585 1586 AAdd
2 1 593 156 1587 AEq
2 1 1586 1587 1588 AAdd
2 1 593 538 1589 AEq
2 1 1588 1589 1590 AAdd
2 1 593 174 1591 AEq
2 1 1590 1591 1592 AAdd
2 1 593 863 1593 AEq
2 1 1592 1593 1594 AAdd
2 1 593 58 1595 AEq
2 1 1594 1595 1596 AAdd
2 1 593 629 1597 AEq
2 1 1596 1597 1598 AAdd
2 1 593 966 1599 AEq
2 1 1598 1599 1600 AAdd
2 1 593 132 1601 AEq
2 1 1600 1601 1602 AAdd
2 1 593 652 1603 AEq
2 1 1602 1603 1604 AAdd
2 1 593 513 1605 AEq
2 1 1604 1605 1606 AAdd
2 1 593 884 1607 AEq
2 1 1606 1607 1608 AAdd
2 1 593 864 1609 AEq
2 1 1608 1609 1610 AAdd
2 1 593 400 1611 AEq
2 1 1610 1611 1612 AAdd
2 1 593 30 1613 AEq
2 1 1612 1613 1614 AAdd
2 1 593 395 1615 AEq
2 1 1614 1615 1616 AAdd
2 1 593 33 1617 AEq
2 1 1616 1617 1618 AAdd
2 1 593 270 1619 AEq
2 1 1618 1619 1620 AAdd
2 1 593 544 1621 AEq
2 1 1620 1621 1622 AAdd
2 1 593 348 1623 AEq
2 1 1622 1623 1624 AAdd
2 1 593 515 1625 AEq
2 1 1624 1625 1626 AAdd
2 1 593 261 1627 AEq
2 1 1626 1627 1628 AAdd
2 1 593 279 1629 AEq
2 1 1628 1629 1630 AAdd
2 1 593 684 1631 AEq
2 1 1630 1631 1632 AAdd
2 1 593 31 1633 AEq
2 1 1632 1633 1634 AAdd
2 1 593 928 1635 AEq
2 1 1634 1635 1636 AAdd
2 1 593 184 1637 AEq
2 1 1636 1637 1638 AAdd
2 1 593 837 1639 AEq
2 1 1638 1639 1640 AAdd
2 1 593 29 1641 AEq
2 1 1640 1641 1642 AAdd
2 1 593 197 1643 AEq
2 1 1642 1643 1644 AAdd
2 1 593 110 1645 AEq
2 1 1644 1645 1646 AAdd
2 1 593 140 1647 AEq
2 1 1646 1647 1648 AAdd
2 1 593 512 1649 AEq
2 1 1648 1649 1650 AAdd
2 1 593 148 1651 AEq
2 1 1650 1651 1652 AAdd
2 1 593 816 1653 AEq
2 1 1652 1653 1654 AAdd
2 1 593 667 1655 AEq
2 1 1654 1655 1656 AAdd
2 1 593 209 1657 AEq
2 1 1656 1657 1658 AAdd
2 1 593 266 1659 AEq
2 1 1658 1659 1660 AAdd
2 1 593 682 1661 AEq
2 1 1660 1661 1662 AAdd
2 1 593 377 1663 AEq
2 1 1662 1663 1664 AAdd
2 1 593 21 1665 AEq
2 1 1664 1665 1666 AAdd
2 1 593 393 1667 AEq
2 1 1666 1667 1668 AAdd
2 1 593 453 1669 AEq
2 1 1668 1669 1670 AAdd
2 1 593 770 1671 AEq
2 1 1670 1671 1672 AAdd
2 1 593 609 1673 AEq
2 1 1672 1673 1674 AAdd
2 1 593 743 1675 AEq
2 1 1674 1675 1676 AAdd
2 1 593 529 1677 AEq
2 1 1676 1677 1678 AAdd
2 1 593 494 1679 AEq
2 1 1678 1679 1680 AAdd
2 1 593 477 1681 AEq
2 1 1680 1681 1682 AAdd
2 1 593 321 1683 AEq
2 1 1682 1683 1684 AAdd
2 1 593 890 1685 AEq
2 1 1684 1685 1686 AAdd
2 1 593 448 1687 AEq
2 1 1686 1687 1688 AAdd
2 1 593 399 1689 AEq
2 1 1688 1689 1690 AAdd
2 1 593 689 1691 AEq
2 1 1690 1691 1692 AAdd
2 1 593 969 1693 AEq
2 1 1692 1693 1694 AAdd
2 1 593 183 1695 AEq
2 1 1694 1695 1696 AAdd
2 1 593 414 1697 AEq
2 1 1696 1697 1698 AAdd
2 1 593 335 1699 AEq
2 1 1698 1699 1700 AAdd
2 1 593 924 1701 AEq
2 1 1700 1701 1702 AAdd
2 1 593 563 1703 AEq
2 1 1702 1703 1704 AAdd
2 1 593 760 1705 AEq
2 1 1704 1705 1706 AAdd
2 1 593 424 1707 AEq
2 1 1706 1707 1708 AAdd
2 1 593 98 1709 AEq
2 1 1708 1709 1710 AAdd
2 1 593 374 1711 AEq
2 1 1710 1711 1712 AAdd
2 1 593 647 1713 AEq
2 1 1712 1713 1714 AAdd
2 1 593 750 1715 AEq
2 1 1714 1715 1716 AAdd
2 1 593 177 1717 AEq
2 1 1716 1717 1718 AAdd
2 1 593 350 1719 AEq
2 1 1718 1719 1720 AAdd
2 1 593 118 1721 AEq
2 1 1720 1721 1722 AAdd
2 1 593 391 1723 AEq
2 1 1722 1723 1724 AAdd
2 1 593 902 1725 AEq
2 1 1724 1725 1726 AAdd
2 1 593 651 1727 AEq
2 1 1726 1727 1728 AAdd
2 1 593 175 1729 AEq
2 1 1728 1729 1730 AAdd
2 1 593 89 1731 AEq
2 1 1730 1731 1732 AAdd
2 1 593 483 1733 AEq
2 1 1732 1733 1734 AAdd
2 1 593 639 1735 AEq
2 1 1734 1735 1736 AAdd
2 1 593 942 1737 AEq
2 1 1736 1737 1738 AAdd
2 1 593 508 1739 AEq
2 1 1738 1739 1740 AAdd
2 1 593 353 1741 AEq
2 1 1740 1741 1742 AAdd
2 1 593 464 1743 AEq
2 1 1742 1743 1744 AAdd
2 1 593 47 1745 AEq
2 1 1744 1745 1746 AAdd
2 1 593 473 1747 AEq
2 1 1746 1747 1748 AAdd
2 1 593 506 1749 AEq
2 1 1748 1749 1750 AAdd
2 1 593 763 1751 AEq
2 1 1750 1751 1752 AAdd
2 1 593 734 1753 AEq
2 1 1752 1753 1754 AAdd
2 1 593 440 1755 AEq
2 1 1754 1755 1756 AAdd
2 1 593 881 1757 AEq
2 1 1756 1757 1758 AAdd
2 1 593 540 1759 AEq
2 1 1758 1759 1760 AAdd
2 1 593 9 1761 AEq
2 1 1760 1761 1762 AAdd
2 1 593 555 1763 AEq
2 1 1762 1763 1764 AAdd
2 1 593 602 1765 AEq
2 1 1764 1765 1766 AAdd
2 1 593 858 1767 AEq
2 1 1766 1767 1768 AAdd
2 1 593 539 1769 AEq
2 1 1768 1769 1770 AAdd
2 1 593 124 1771 AEq
2 1 1770 1771 1772 AAdd
2 1 593 984 1773 AEq
2 1 1772 1773 1774 AAdd
2 1 593 935 1775 AEq
2 1 1774 1775 1776 AAdd
2 1 593 505 1777 AEq
2 1 1776 1777 1778 AAdd
2 1 593 519 1779 AEq
2 1 1778 1779 1780 AAdd
2 1 593 444 1781 AEq
2 1 1780 1781 1782 AAdd
2 1 593 737 1783 AEq
2 1 1782 1783 1784 AAdd
2 1 593 20 1785 AEq
2 1 1784 1785 1786 AAdd
2 1 593 773 1787 AEq
2 1 1786 1787 1788 AAdd
2 1 593 655 1789 AEq
2 1 1788 1789 1790 AAdd
2 1 593 158 1791 AEq
2 1 1790 1791 1792 AAdd
2 1 593 659 1793 AEq
2 1 1792 1793 1794 AAdd
2 1 593 844 1795 AEq
2 1 1794 1795 1796 AAdd
2 1 593 202 1797 AEq
2 1 1796 1797 1798 AAdd
2 1 593 41 1799 AEq
2 1 1798 1799 1800 AAdd
2 1 593 272 1801 AEq
2 1 1800 1801 1802 AAdd
2 1 593 490 1803 AEq
2 1 1802 1803 1804 AAdd
2 1 593 993 1805 AEq
2 1 1804 1805 1806 AAdd
2 1 593 211 1807 AEq
2 1 1806 1807 1808 AAdd
2 1 593 314 1809 AEq
2 1 1808 1809 1810 AAdd
2 1 593 988 1811 AEq
2 1 1810 1811 1812 AAdd
2 1 593 904 1813 AEq
2 1 1812 1813 1814 AAdd
2 1 593 351 1815 AEq
2 1 1814 1815 1816 AAdd
2 1 593 74 1817 AEq
2 1 1816 1817 1818 AAdd
2 1 593 476 1819 AEq
2 1 1818 1819 1820 AAdd
2 1 593 644 1821 AEq
2 1 1820 1821 1822 AAdd
2 1 593 556 1823 AEq
2 1 1822 1823 1824 AAdd
2 1 593 436 1825 AEq
2 1 1824 1825 1826 AAdd
2 1 593 621 1827 AEq
2 1 1826 1827 1828 AAdd
2 1 593 157 1829 AEq
2 1 1828 1829 1830 AAdd
2 1 593 957 1831 AEq
2 1 1830 1831 1832 AAdd
2 1 593 867 1833 AEq
2 1 1832 1833 1834 AAdd
2 1 593 193 1835 AEq
2 1 1834 1835 1836 AAdd
2 1 593 920 1837 AEq
2 1 1836 1837 1838 AAdd
2 1 593 821 1839 AEq
2 1 1838 1839 1840 AAdd
2 1 593 8 1841 AEq
2 1 1840 1841 1842 AAdd
2 1 593 12 1843 AEq
2 1 1842 1843 1844 AAdd
2 1 593 384 1845 AEq
2 1 1844 1845 1846 AAdd
2 1 593 182 1847 AEq
2 1 1846 1847 1848 AAdd
2 1 593 57 1849 AEq
2 1 1848 1849 1850 AAdd
2 1 593 324 1851 AEq
2 1 1850 1851 1852 AAdd
2 1 593 107 1853 AEq
2 1 1852 1853 1854 AAdd
2 1 593 589 1855 AEq
2 1 1854 1855 1856 AAdd
2 1 593 832 1857 AEq
2 1 1856 1857 1858 AAdd
2 1 593 361 1859 AEq
2 1 1858 1859 1860 AAdd
2 1 593 523 1861 AEq
2 1 1860 1861 1862 AAdd
2 1 593 28 1863 AEq
2 1 1862 1863 1864 AAdd
2 1 593 648 1865 AEq
2 1 1864 1865 1866 AAdd
2 1 593 262 1867 AEq
2 1 1866 1867 1868 AAdd
2 1 593 409 1869 AEq
2 1 1868 1869 1870 AAdd
2 1 593 97 1871 AEq
2 1 1870 1871 1872 AAdd
2 1 593 922 1873 AEq
2 1 1872 1873 1874 AAdd
2 1 593 200 1875 AEq
2 1 1874 1875 1876 AAdd
2 1 593 207 1877 AEq
2 1 1876 1877 1878 AAdd
2 1 593 471 1879 AEq
2 1 1878 1879 1880 AAdd
2 1 593 459 1881 AEq
2 1 1880 1881 1882 AAdd
2 1 593 805 1883 AEq
2 1 1882 1883 1884 AAdd
2 1 593 312 1885 AEq
2 1 1884 1885 1886 AAdd
2 1 593 355 1887 AEq
2 1 1886 1887 1888 AAdd
2 1 593 569 1889 AEq
2 1 1888 1889 1890 AAdd
2 1 593 929 1891 AEq
2 1 1890 1891 1892 AAdd
2 1 593 15 1893 AEq
2 1 1892 1893 1894 AAdd
2 1 593 731 1895 AEq
2 1 1894 1895 1896 AAdd
2 1 593 493 1897 AEq
2 1 1896 1897 1898 AAdd
2 1 593 798 1899 AEq
2 1 1898 1899 1900 AAdd
2 1 593 795 1901 AEq
2 1 1900 1901 1902 AAdd
2 1 593 17 1903 AEq
2 1 1902 1903 1904 AAdd
2 1 593 550 1905 AEq
2 1 1904 1905 1906 AAdd
2 1 593 836 1907 AEq
2 1 1906 1907 1908 AAdd
2 1 593 467 1909 AEq
2 1 1908 1909 1910 AAdd
2 1 593 634 1911 AEq
2 1 1910 1911 1912 AAdd
2 1 593 875 1913 AEq
2 1 1912 1913 1914 AAdd
2 1 593 67 1915 AEq
2 1 1914 1915 1916 AAdd
2 1 593 248 1917 AEq
2 1 1916 1917 1918 AAdd
2 1 593 542 1919 AEq
2 1 1918 1919 1920 AAdd
2 1 593 390 1921 AEq
2 1 1920 1921 1922 AAdd
2 1 593 927 1923 AEq
2 1 1922 1923 1924 AAdd
2 1 593 830 1925 AEq
2 1 1924 1925 1926 AAdd
2 1 593 936 1927 AEq
2 1 1926 1927 1928 AAdd
2 1 593 297 1929 AEq
2 1 1928 1929 1930 AAdd
2 1 593 111 1931 AEq
2 1 1930 1931 1932 AAdd
2 1 593 878 1933 AEq
2 1 1932 1933 1934 AAdd
2 1 593 284 1935 AEq
2 1 1934 1935 1936 AAdd
2 1 593 670 1937 AEq
2 1 1936 1937 1938 AAdd
2 1 593 982 1939 AEq
2 1 1938 1939 1940 AAdd
2 1 593 290 1941 AEq
2 1 1940 1941 1942 AAdd
2 1 593 956 1943 AEq
2 1 1942 1943 1944 AAdd
2 1 593 516 1945 AEq
2 1 1944 1945 1946 AAdd
2 1 593 295 1947 AEq
2 1 1946 1947 1948 AAdd
2 1 593 910 1949 AEq
2 1 1948 1949 1950 AAdd
2 1 593 835 1951 AEq
2 1 1950 1951 1952 AAdd
2 1 593 430 1953 AEq
2 1 1952 1953 1954 AAdd
2 1 593 137 1955 AEq
2 1 1954 1955 1956 AAdd
2 1 593 310 1957 AEq
2 1 1956 1957 1958 AAdd
2 1 593 244 1959 AEq
2 1 1958 1959 1960 AAdd
2 1 593 977 1961 AEq
2 1 1960 1961 1962 AAdd
2 1 593 765 1963 AEq
2 1 1962 1963 1964 AAdd
2 1 593 68 1965 AEq
2 1 1964 1965 1966 AAdd
2 1 593 630 1967 AEq
2 1 1966 1967 1968 AAdd
2 1 593 948 1969 AEq
2 1 1968 1969 1970 AAdd
2 1 593 49 1971 AEq
2 1 1970 1971 1972 AAdd
2 1 593 979 1973 AEq
2 1 1972 1973 1974 AAdd
2 1 593 278 1975 AEq
2 1 1974 1975 1976 AAdd
2 1 593 116 1977 AEq
2 1 1976 1977 1978 AAdd
2 1 593 231 1979 AEq
2 1 1978 1979 1980 AAdd
2 1 593 376 1981 AEq
2 1 1980 1981 1982 AAdd
2 1 593 84 1983 AEq
2 1 1982 1983 1984 AAdd
2 1 593 228 1985 AEq
2 1 1984 1985 1986 AAdd
2 1 593 866 1987 AEq
2 1 1986 1987 1988 AAdd
2 1 593 930 1989 AEq
2 1 1988 1989 1990 AAdd
2 1 593 412 1991 AEq
2 1 1990 1991 1992 AAdd
2 1 593 3 1993 AEq
2 1 1992 1993 1994 AAdd
2 1 593 780 1995 AEq
2 1 1994 1995 1996 AAdd
2 1 593 558 1997 AEq
2 1 1996 1997 1998 AAdd
2 1 593 293 1999 AEq
2 1 1998 1999 2000 AAdd
2 1 593 662 2001 AEq
2 1 2000 2001 2002 AAdd
2 1 593 252 2003 AEq
2 1 2002 2003 2004 AAdd
2 1 593 501 2005 AEq
2 1 2004 2005 2006 AAdd
2 1 593 230 2007 AEq
2 1 2006 2007 2008 AAdd
2 1 593 898 2009 AEq
2 1 2008 2009 2010 AAdd
2 1 593 802 2011 AEq
2 1 2010 2011 2012 AAdd
2 1 593 745 2013 AEq
2 1 2012 2013 2014 AAdd
2 1 593 428 2015 AEq
2 1 2014 2015 2016 AAdd
2 1 593 159 2017 AEq
2 1 2016 2017 2018 AAdd
2 1 593 26 2019 AEq
2 1 2018 2019 2020 AAdd
2 1 593 334 2021 AEq
2 1 2020 2021 2022 AAdd
2 1 593 362 2023 AEq
2 1 2022 2023 2024 AAdd
2 1 593 62 2025 AEq
2 1 2024 2025 2026 AAdd
2 1 593 892 2027 AEq
2 1 2026 2027 2028 AAdd
2 1 593 460 2029 AEq
2 1 2028 2029 2030 AAdd
2 1 593 933 2031 AEq
2 1 2030 2031 2032 AAdd
2 1 593 378 2033 AEq
2 1 2032 2033 2034 AAdd
2 1 593 952 2035 AEq
2 1 2034 2035 2036 AAdd
2 1 593 839 2037 AEq
2 1 2036 2037 2038 AAdd
2 1 593 265 2039 AEq
2 1 2038 2039 2040 AAdd
2 1 593 627 2041 AEq
2 1 2040 2041 2042 AAdd
2 1 593 423 2043 AEq
2 1 2042 2043 2044 AAdd
2 1 593 405 2045 AEq
2 1 2044 2045 2046 AAdd
2 1 593 624 2047 AEq
2 1 2046 2047 2048 AAdd
2 1 593 607 2049 AEq
2 1 2048 2049 2050 AAdd
2 1 593 243 2051 AEq
2 1 2050 2051 2052 AAdd
2 1 593 953 2053 AEq
2 1 2052 2053 2054 AAdd
2 1 593 560 2055 AEq
2 1 2054 2055 2056 AAdd
2 1 593 975 2057 AEq
2 1 2056 2057 2058 AAdd
2 1 593 657 2059 AEq
2 1 2058 2059 2060 AAdd
2 1 593 576 2061 AEq
2 1 2060 2061 2062 AAdd
2 1 593 947 2063 AEq
2 1 2062 2063 2064 AAdd
2 1 593 123 2065 AEq
2 1 2064 2065 2066 AAdd
2 1 593 446 2067 AEq
2 1 2066 2067 2068 AAdd
2 1 593 781 2069 AEq
2 1 2068 2069 2070 AAdd
2 1 593 804 2071 AEq
2 1 2070 2071 2072 AAdd
2 1 593 583 2073 AEq
2 1 2072 2073 2074 AAdd
2 1 593 274 2075 AEq
2 1 2074 2075 2076 AAdd
2 1 593 972 2077 AEq
2 1 2076 2077 2078 AAdd
2 1 593 408 2079 AEq
2 1 2078 2079 2080 AAdd
2 1 593 934 2081 AEq
2 1 2080 2081 2082 AAdd
2 1 593 776 2083 AEq
2 1 2082 2083 2084 AAdd
2 1 593 591 2085 AEq
2 1 2084 2085 2086 AAdd
2 1 593 877 2087 AEq
2 1 2086 2087 2088 AAdd
2 1 593 616 2089 AEq
2 1 2088 2089 2090 AAdd
2 1 593 141 2091 AEq
2 1 2090 2091 2092 AAdd
2 1 593 950 2093 AEq
2 1 2092 2093 2094 AAdd
2 1 593 536 2095 AEq
2 1 2094 2095 2096 AAdd
2 1 593 894 2097 AEq
2 1 2096 2097 2098 AAdd
2 1 593 784 2099 AEq
2 1 2098 2099 2100 AAdd
2 1 593 546 2101 AEq
2 1 2100 2101 2102 AAdd
2 1 593 133 2103 AEq
2 1 2102 2103 2104 AAdd
2 1 593 307 2105 AEq
2 1 2104 2105 2106 AAdd
2 1 593 876 2107 AEq
2 1 2106 2107 2108 AAdd
2 1 593 987 2109 AEq
2 1 2108 2109 2110 AAdd
2 1 593 455 2111 AEq
2 1 2110 2111 2112 AAdd
2 1 593 486 2113 AEq
2 1 2112 2113 2114 AAdd
2 1 593 869 2115 AEq
2 1 2114 2115 2116 AAdd
2 1 593 721 2117 AEq
2 1 2116 2117 2118 AAdd
2 1 593 736 2119 AEq
2 1 2118 2119 2120 AAdd
2 1 593 283 2121 AEq
2 1 2120 2121 2122 AAdd
2 1 593 752 2123 AEq
2 1 2122 2123 2124 AAdd
2 1 593 971 2125 AEq
2 1 2124 2125 2126 AAdd
2 1 593 908 2127 AEq
2 1 2126 2127 2128 AAdd
2 1 593 642 2129 AEq
2 1 2128 2129 2130 AAdd
2 1 593 756 2131 AEq
2 1 2130 2131 2132 AAdd
2 1 593 329 2133 AEq
2 1 2132 2133 2134 AAdd
2 1 593 43 2135 AEq
2 1 2134 2135 2136 AAdd
2 1 593 201 2137 AEq
2 1 2136 2137 2138 AAdd
2 1 593 70 2139 AEq
2 1 2138 2139 2140 AAdd
2 1 593 925 2141 AEq
2 1 2140 2141 2142 AAdd
2 1 593 254 2143 AEq
2 1 2142 2143 2144 AAdd
2 1 593 790 2145 AEq
2 1 2144 2145 2146 AAdd
2 1 593 514 2147 AEq
2 1 2146 2147 2148 AAdd
2 1 593 818 2149 AEq
2 1 2148 2149 2150 AAdd
2 1 593 786 2151 AEq
2 1 2150 2151 2152 AAdd
2 1 593 203 2153 AEq
2 1 2152 2153 2154 AAdd
2 1 593 185 2155 AEq
2 1 2154 2155 2156 AAdd
2 1 593 797 2157 AEq
2 1 2156 2157 2158 AAdd
2 1 593 601 2159 AEq
2 1 2158 2159 2160 AAdd
2 1 593 352 2161 AEq
2 1 2160 2161 2162 AAdd
2 1 593 792 2163 AEq
2 1 2162 2163 2164 AAdd
2 1 593 891 2165 AEq
2 1 2164 2165 2166 AAdd
2 1 593 548 2167 AEq
2 1 2166 2167 2168 AAdd
2 1 593 826 2169 AEq
2 1 2168 2169 2170 AAdd
2 1 593 613 2171 AEq
2 1 2170 2171 2172 AAdd
2 1 593 665 2173 AEq
2 1 2172 2173 2174 AAdd
2 1 593 905 2175 AEq
2 1 2174 2175 2176 AAdd
2 1 593 358 2177 AEq
2 1 2176 2177 2178 AAdd
2 1 593 700 2179 AEq
2 1 2178 2179 2180 AAdd
2 1 593 379 2181 AEq
2 1 2180 2181 2182 AAdd
2 1 593 160 2183 AEq
2 1 2182 2183 2184 AAdd
2 1 593 421 2185 AEq
2 1 2184 2185 2186 AAdd
2 1 593 462 2187 AEq
2 1 2186 2187 2188 AAdd
2 1 593 604 2189 AEq
2 1 2188 2189 2190 AAdd
2 1 593 373 2191 AEq
2 1 2190 2191 2192 AAdd
2 1 593 61 2193 AEq
2 1 2192 2193 2194 AAdd
2 1 593 965 2195 AEq
2 1 2194 2195 2196 AAdd
2 1 593 249 2197 AEq
2 1 2196 2197 2198 AAdd
2 1 593 115 2199 AEq
2 1 2198 2199 2200 AAdd
2 1 593 521 2201 AEq
2 1 2200 2201 2202 AAdd
2 1 593 597 2203 AEq
2 1 2202 2203 2204 AAdd
2 1 593 499 2205 AEq
2 1 2204 2205 2206 AAdd
2 1 593 846 2207 AEq
2 1 2206 2207 2208 AAdd
2 1 593 227 2209 AEq
2 1 2208 2209 2210 AAdd
2 1 593 943 2211 AEq
2 1 2210 2211 2212 AAdd
2 1 593 754 2213 AEq
2 1 2212 2213 2214 AAdd
2 1 593 767 2215 AEq
2 1 2214 2215 2216 AAdd
2 1 593 707 2217 AEq
2 1 2216 2217 2218 AAdd
2 1 593 485 2219 AEq
2 1 2218 2219 2220 AAdd
2 1 593 219 2221 AEq
2 1 2220 2221 2222 AAdd
2 1 593 163 2223 AEq
2 1 2222 2223 2224 AAdd
2 1 593 525 2225 AEq
2 1 2224 2225 2226 AAdd
2 1 593 764 2227 AEq
2 1 2226 2227 2228 AAdd
2 1 593 918 2229 AEq
2 1 2228 2229 2230 AAdd
2 1 593 328 2231 AEq
2 1 2230 2231 2232 AAdd
2 1 593 520 2233 AEq
2 1 2232 2233 2234 AAdd
2 1 593 470 2235 AEq
2 1 2234 2235 2236 AAdd
2 1 593 526 2237 AEq
2 1 2236 2237 2238 AAdd
2 1 593 259 2239 AEq
2 1 2238 2239 2240 AAdd
2 1 593 181 2241 AEq
2 1 2240 2241 2242 AAdd
2 1 593 888 2243 AEq
2 1 2242 2243 2244 AAdd
2 1 593 64 2245 AEq
2 1 2244 2245 2246 AAdd
2 1 593 102 2247 AEq
2 1 2246 2247 2248 AAdd
2 1 593 425 2249 AEq
2 1 2248 2249 2250 AAdd
2 1 593 744 2251 AEq
2 1 2250 2251 2252 AAdd
2 1 593 291 2253 AEq
2 1 2252 2253 2254 AAdd
2 1 593 199 2255 AEq
2 1 2254 2255 2256 AAdd
2 1 593 38 2257 AEq
2 1 2256 2257 2258 AAdd
2 1 593 917 2259 AEq
2 1 2258 2259 2260 AAdd
2 1 593 649 2261 AEq
2 1 2260 2261 2262 AAdd
2 1 593 305 2263 AEq
2 1 2262 2263 2264 AAdd
2 1 593 606 2265 AEq
2 1 2264 2265 2266 AAdd
2 1 593 213 2267 AEq
2 1 2266 2267 2268 AAdd
2 1 593 397 2269 AEq
2 1 2268 2269 2270 AAdd
2 1 593 237 2271 AEq
2 1 2270 2271 2272 AAdd
2 1 593 271 2273 AEq
2 1 2272 2273 2274 AAdd
2 1 593 696 2275 AEq
2 1 2274 2275 2276 AAdd
2 1 593 487 2277 AEq
2 1 2276 2277 2278 AAdd
2 1 593 557 2279 AEq
2 1 2278 2279 2280 AAdd
2 1 593 931 2281 AEq
2 1 2280 2281 2282 AAdd
2 1 593 668 2283 AEq
2 1 2282 2283 2284 AAdd
2 1 593 889 2285 AEq
2 1 2284 2285 2286 AAdd
2 1 593 812 2287 AEq
2 1 2286 2287 2288 AAdd
2 1 593 236 2289 AEq
2 1 2288 2289 2290 AAdd
2 1 593 796 2291 AEq
2 1 2290 2291 2292 AAdd
2 1 593 13 2293 AEq
2 1 2292 2293 2294 AAdd
2 1 593 504 2295 AEq
2 1 2294 2295 2296 AAdd
2 1 593 990 2297 AEq
2 1 2296 2297 2298 AAdd
2 1 593 692 2299 AEq
2 1 2298 2299 2300 AAdd
2 1 593 301 2301 AEq
2 1 2300 2301 2302 AAdd
2 1 593 702 2303 AEq
2 1 2302 2303 2304 AAdd
2 1 593 198 2305 AEq
2 1 2304 2305 2306 AAdd
2 1 593 224 2307 AEq
2 1 2306 2307 2308 AAdd
2 1 593 71 2309 AEq
2 1 2308 2309 2310 AAdd
2 1 593 226 2311 AEq
2 1 2310 2311 2312 AAdd
2 1 593 694 2313 AEq
2 1 2312 2313 2314 AAdd
2 1 593 991 2315 AEq
2 1 2314 2315 2316 AAdd
2 1 593 880 2317 AEq
2 1 2316 2317 2318 AAdd
2 1 593 532 2319 AEq
2 1 2318 2319 2320 AAdd
2 1 593 276 2321 AEq
2 1 2320 2321 2322 AAdd
2 1 593 342 2323 AEq
2 1 2322 2323 2324 AAdd
2 1 593 758 2325 AEq
2 1 2324 2325 2326 AAdd
2 1 593 912 2327 AEq
2 1 2326 2327 2328 AAdd
2 1 593 677 2329 AEq
2 1 2328 2329 2330 AAdd
2 1 593 938 2331 AEq
2 1 2330 2331 2332 AAdd
2 1 593 0 2333 AEq
2 1 2332 2333 2334 AAdd
2 1 593 246 2335 AEq
2 1 2334 2335 2336 AAdd
2 1 593 631 2337 AEq
2 1 2336 2337 2338 AAdd
2 1 593 225 2339 AEq
2 1 2338 2339 2340 AAdd
2 1 593 856 2341 AEq
2 1 2340 2341 2342 AAdd
2 1 593 135 2343 AEq
2 1 2342 2343 2344 AAdd
2 1 593 170 2345 AEq
2 1 2344 2345 2346 AAdd
2 1 593 906 2347 AEq
2 1 2346 2347 2348 AAdd
2 1 593 267 2349 AEq
2 1 2348 2349 2350 AAdd
2 1 593 242 2351 AEq
2 1 2350 2351 2352 AAdd
2 1 593 372 2353 AEq
2 1 2352 2353 2354 AAdd
2 1 593 981 2355 AEq
2 1 2354 2355 2356 AAdd
2 1 593 709 2357 AEq
2 1 2356 2357 2358 AAdd
2 1 593 503 2359 AEq
2 1 2358 2359 2360 AAdd
2 1 593 628 2361 AEq
2 1 2360 2361 2362 AAdd
2 1 593 316 2363 AEq
2 1 2362 2363 2364 AAdd
2 1 593 16 2365 AEq
2 1 2364 2365 2366 AAdd
2 1 593 282 2367 AEq
2 1 2366 2367 2368 AAdd
2 1 593 901 2369 AEq
2 1 2368 2369 2370 AAdd
2 1 593 78 2371 AEq
2 1 2370 2371 2372 AAdd
2 1 593 91 2373 AEq
2 1 2372 2373 2374 AAdd
2 1 593 392 2375 AEq
2 1 2374 2375 2376 AAdd
2 1 593 311 2377 AEq
2 1 2376 2377 2378 AAdd
2 1 593 90 2379 AEq
2 1 2378 2379 2380 AAdd
2 1 593 37 2381 AEq
2 1 2380 2381 2382 AAdd
2 1 593 169 2383 AEq
2 1 2382 2383 2384 AAdd
2 1 593 620 2385 AEq
2 1 2384 2385 2386 AAdd
2 1 593 19 2387 AEq
2 1 2386 2387 2388 AAdd
2 1 593 788 2389 AEq
2 1 2388 2389 2390 AAdd
2 1 593 853 2391 AEq
2 1 2390 2391 2392 AAdd
2 1 593 336 2393 AEq
2 1 2392 2393 2394 AAdd
2 1 593 333 2395 AEq
2 1 2394 2395 2396 AAdd
2 1 593 579 2397 AEq
2 1 2396 2397 2398 AAdd
2 1 593 833 2399 AEq
2 1 2398 2399 2400 AAdd
2 1 593 119 2401 AEq
2 1 2400 2401 2402 AAdd
2 1 593 14 2403 AEq
2 1 2402 2403 2404 AAdd
2 1 593 309 2405 AEq
2 1 2404 2405 2406 AAdd
2 1 593 474 2407 AEq
2 1 2406 2407 2408 AAdd
2 1 593 708 2409 AEq
2 1 2408 2409 2410 AAdd
2 1 593 669 2411 AEq
2 1 2410 2411 2412 AAdd
2 1 593 658 2413 AEq
2 1 2412 2413 2414 AAdd
2 1 593 55 2415 AEq
2 1 2414 2415 2416 AAdd
2 1 593 727 2417 AEq
2 1 2416 2417 2418 AAdd
2 1 593 88 2419 AEq
2 1 2418 2419 2420 AAdd
2 1 593 967 2421 AEq
2 1 2420 2421 2422 AAdd
2 1 593 970 2423 AEq
2 1 2422 2423 2424 AAdd
2 1 593 386 2425 AEq
2 1 2424 2425 2426 AAdd
2 1 593 387 2427 AEq
2 1 2426 2427 2428 AAdd
2 1 593 842 2429 AEq
2 1 2428 2429 2430 AAdd
2 1 593 537 2431 AEq
2 1 2430 2431 2432 AAdd
2 1 593 632 2433 AEq
2 1 2432 2433 2434 AAdd
2 1 593 356 2435 AEq
2 1 2434 2435 2436 AAdd
2 1 593 940 2437 AEq
2 1 2436 2437 2438 AAdd
2 1 593 871 2439 AEq
2 1 2438 2439 2440 AAdd
2 1 593 326 2441 AEq
2 1 2440 2441 2442 AAdd
2 1 593 187 2443 AEq
2 1 2442 2443 2444 AAdd
2 1 593 703 2445 AEq
2 1 2444 2445 2446 AAdd
2 1 593 530 2447 AEq
2 1 2446 2447 2448 AAdd
2 1 593 951 2449 AEq
2 1 2448 2449 2450 AAdd
2 1 593 463 2451 AEq
2 1 2450 2451 2452 AAdd
2 1 593 680 2453 AEq
2 1 2452 2453 2454 AAdd
2 1 593 567 2455 AEq
2 1 2454 2455 2456 AAdd
2 1 593 650 2457 AEq
2 1 2456 2457 2458 AAdd
2 1 593 741 2459 AEq
2 1 2458 2459 2460 AAdd
2 1 593 622 2461 AEq
2 1 2460 2461 2462 AAdd
2 1 593 275 2463 AEq
2 1 2462 2463 2464 AAdd
2 1 593 151 2465 AEq
2 1 2464 2465 2466 AAdd
2 1 593 389 2467 AEq
2 1 2466 2467 2468 AAdd
2 1 593 403 2469 AEq
2 1 2468 2469 2470 AAdd
2 1 593 268 2471 AEq
2 1 2470 2471 2472 AAdd
2 1 593 93 2473 AEq
2 1 2472 2473 2474 AAdd
2 1 593 803 2475 AEq
2 1 2474 2475 2476 AAdd
2 1 593 449 2477 AEq
2 1 2476 2477 2478 AAdd
2 1 593 671 2479 AEq
2 1 2478 2479 2480 AAdd
2 1 593 375 2481 AEq
2 1 2480 2481 2482 AAdd
2 1 593 195 2483 AEq
2 1 2482 2483 2484 AAdd
2 1 593 39 2485 AEq
2 1 2484 2485 2486 AAdd
2 1 593 73 2487 AEq
2 1 2486 2487 2488 AAdd
2 1 593 886 2489 AEq
2 1 2488 2489 2490 AAdd
2 1 593 598 2491 AEq
2 1 2490 2491 2492 AAdd
2 1 593 640 2493 AEq
2 1 2492 2493 2494 AAdd
2 1 593 578 2495 AEq
2 1 2494 2495 2496 AAdd
2 1 593 549 2497 AEq
2 1 2496 2497 2498 AAdd
2 1 593 729 2499 AEq
2 1 2498 2499 2500 AAdd
2 1 593 720 2501 AEq
2 1 2500 2501 2502 AAdd
2 1 593 683 2503 AEq
2 1 2502 2503 2504 AAdd
2 1 593 435 2505 AEq
2 1 2504 2505 2506 AAdd
2 1 593 445 2507 AEq
2 1 2506 2507 2508 AAdd
2 1 593 345 2509 AEq
2 1 2508 2509 2510 AAdd
2 1 593 603 2511 AEq
2 1 2510 2511 2512 AAdd
2 1 593 196 2513 AEq
2 1 2512 2513 2514 AAdd
2 1 593 235 2515 AEq
2 1 2514 2515 2516 AAdd
2 1 593 178 2517 AEq
2 1 2516 2517 2518 AAdd
2 1 593 575 2519 AEq
2 1 2518 2519 2520 AAdd
2 1 593 208 2521 AEq
2 1 2520 2521 2522 AAdd
2 1 593 859 2523 AEq
2 1 2522 2523 2524 AAdd
2 1 593 341 2525 AEq
2 1 2524 2525 2526 AAdd
2 1 593 162 2527 AEq
2 1 2526 2527 2528 AAdd
2 1 593 245 2529 AEq
2 1 2528 2529 2530 AAdd
2 1 593 769 2531 AEq
2 1 2530 2531 2532 AAdd
2 1 593 524 2533 AEq
2 1 2532 2533 2534 AAdd
2 1 593 478 2535 AEq
2 1 2534 2535 2536 AAdd
2 1 593 439 2537 AEq
2 1 2536 2537 2538 AAdd
2 1 593 834 2539 AEq
2 1 2538 2539 2540 AAdd
2 1 593 661 2541 AEq
2 1 2540 2541 2542 AAdd
2 1 593 420 2543 AEq
2 1 2542 2543 2544 AAdd
2 1 593 383 2545 AEq
2 1 2544 2545 2546 AAdd
2 1 593 704 2547 AEq
2 1 2546 2547 2548 AAdd
2 1 593 962 2549 AEq
2 1 2548 2549 2550 AAdd
2 1 593 673 2551 AEq
2 1 2550 2551 2552 AAdd
2 1 593 147 2553 AEq
2 1 2552 2553 2554 AAdd
2 1 593 983 2555 AEq
2 1 2554 2555 2556 AAdd
2 1 593 807 2557 AEq
2 1 2556 2557 2558 AAdd
2 1 593 481 2559 AEq
2 1 2558 2559 2560 AAdd
2 1 593 402 2561 AEq
2 1 2560 2561 2562 AAdd
2 1 593 594 2563 AEq
2 1 2562 2563 2564 AAdd
2 1 593 360 2565 AEq
2 1 2564 2565 2566 AAdd
2 1 593 994 2567 AEq
2 1 2566 2567 2568 AAdd
2 1 593 822 2569 AEq
2 1 2568 2569 2570 AAdd
2 1 593 748 2571 AEq
2 1 2570 2571 2572 AAdd
2 1 593 398 2573 AEq
2 1 2572 2573 2574 AAdd
2 1 593 714 2575 AEq
2 1 2574 2575 2576 AAdd
2 1 593 710 2577 AEq
2 1 2576 2577 2578 AAdd
2 1 593 171 2579 AEq
2 1 2578 2579 2580 AAdd
2 1 593 588 2581 AEq
2 1 2580 2581 2582 AAdd
2 1 593 229 2583 AEq
2 1 2582 2583 2584 AAdd
2 1 593 75 2585 AEq
2 1 2584 2585 2586 AAdd
2 1 593 753 2587 AEq
2 1 2586 2587 2588 AAdd
2 1 593 517 2589 AEq
2 1 2588 2589 2590 AAdd
2 1 593 176 2591 AEq
2 1 2590 2591 2592 AAdd
2 1 593 626 2593 AEq
2 1 2592 2593 2594 AAdd
2 1 593 215 2595 AEq
2 1 2594 2595 2596 AAdd
2 1 593 636 2597 AEq
2 1 2596 2597 2598 AAdd
2 1 593 253 2599 AEq
2 1 2598 2599 2600 AAdd
2 1 593 24 2601 AEq
2 1 2600 2601 2602 AAdd
2 1 593 895 2603 AEq
2 1 2602 2603 2604 AAdd
2 1 593 653 2605 AEq
2 1 2604 2605 2606 AAdd
2 1 593 808 2607 AEq
2 1 2606 2607 2608 AAdd
2 1 593 584 2609 AEq
2 1 2608 2609 2610 AAdd
2 1 593 551 2611 AEq
2 1 2610 2611 2612 AAdd
2 1 593 976 2613 AEq
2 1 2612 2613 2614 AAdd
2 1 593 247 2615 AEq
2 1 2614 2615 2616 AAdd
2 1 593 945 2617 AEq
2 1 2616 2617 2618 AAdd
2 1 593 527 2619 AEq
2 1 2618 2619 2620 AAdd
2 1 593 646 2621 AEq
2 1 2620 2621 2622 AAdd
2 1 593 191 2623 AEq
2 1 2622 2623 2624 AAdd
2 1 593 937 2625 AEq
2 1 2624 2625 2626 AAdd
2 1 593 302 2627 AEq
2 1 2626 2627 2628 AAdd
2 1 593 900 2629 AEq
2 1 2628 2629 2630 AAdd
2 1 593 612 2631 AEq
2 1 2630 2631 2632 AAdd
2 1 593 144 2633 AEq
2 1 2632 2633 2634 AAdd
2 1 593 240 2635 AEq
2 1 2634 2635 2636 AAdd
2 1 593 980 2637 AEq
2 1 2636 2637 2638 AAdd
2 1 593 50 2639 AEq
2 1 2638 2639 2640 AAdd
2 1 593 963 2641 AEq
2 1 2640 2641 2642 AAdd
2 1 593 964 2643 AEq
2 1 2642 2643 2644 AAdd
2 1 593 117 2645 AEq
2 1 2644 2645 2646 AAdd
2 1 593 828 2647 AEq
2 1 2646 2647 2648 AAdd
2 1 593 896 2649 AEq
2 1 2648 2649 2650 AAdd
2 1 593 757 2651 AEq
2 1 2650 2651 2652 AAdd
2 1 593 346 2653 AEq
2 1 2652 2653 2654 AAdd
2 1 593 992 2655 AEq
2 1 2654 2655 2656 AAdd
2 1 593 771 2657 AEq
2 1 2656 2657 2658 AAdd
2 1 593 380 2659 AEq
2 1 2658 2659 2660 AAdd
2 1 593 872 2661 AEq
2 1 2660 2661 2662 AAdd
2 1 593 433 2663 AEq
2 1 2662 2663 2664 AAdd
2 1 593 205 2665 AEq
2 1 2664 2665 2666 AAdd
2 1 593 615 2667 AEq
2 1 2666 2667 2668 AAdd
2 1 593 53 2669 AEq
2 1 2668 2669 2670 AAdd
2 1 593 281 2671 AEq
2 1 2670 2671 2672 AAdd
2 1 593 726 2673 AEq
2 1 2672 2673 2674 AAdd
2 1 593 306 2675 AEq
2 1 2674 2675 2676 AAdd
2 1 593 739 2677 AEq
2 1 2676 2677 2678 AAdd
2 1 593 605 2679 AEq
2 1 2678 2679 2680 AAdd
2 1 593 146 2681 AEq
2 1 2680 2681 2682 AAdd
2 1 593 100 2683 AEq
2 1 2682 2683 2684 AAdd
2 1 593 368 2685 AEq
2 1 2684 2685 2686 AAdd
2 1 593 475 2687 AEq
2 1 2686 2687 2688 AAdd
2 1 593 949 2689 AEq
2 1 2688 2689 2690 AAdd
2 1 593 570 2691 AEq
2 1 2690 2691 2692 AAdd
2 1 593 617 2693 AEq
2 1 2692 2693 2694 AAdd
2 1 593 941 2695 AEq
2 1 2694 2695 2696 AAdd
2 1 593 5 2697 AEq
2 1 2696 2697 2698 AAdd
2 1 593 715 2699 AEq
2 1 2698 2699 2700 AAdd
2 1 593 388 2701 AEq
2 1 2700 2701 2702 AAdd
2 1 593 101 2703 AEq
2 1 2702 2703 2704 AAdd
2 1 593 139 2705 AEq
2 1 2704 2705 2706 AAdd
2 1 593 320 2707 AEq
2 1 2706 2707 2708 AAdd
2 1 593 913 2709 AEq
2 1 2708 2709 2710 AAdd
2 1 593 676 2711 AEq
2 1 2710 2711 2712 AAdd
2 1 593 454 2713 AEq
2 1 2712 2713 2714 AAdd
2 1 593 849 2715 AEq
2 1 2714 2715 2716 AAdd
2 1 593 793 2717 AEq
2 1 2716 2717 2718 AAdd
2 1 593 450 2719 AEq
2 1 2718 2719 2720 AAdd
2 1 593 401 2721 AEq
2 1 2720 2721 2722 AAdd
2 1 593 327 2723 AEq
2 1 2722 2723 2724 AAdd
2 1 593 785 2725 AEq
2 1 2724 2725 2726 AAdd
2 1 593 125 2727 AEq
2 1 2726 2727 2728 AAdd
2 1 593 11 2729 AEq
2 1 2728 2729 2730 AAdd
2 1 593 194 2731 AEq
2 1 2730 2731 2732 AAdd
2 1 593 56 2733 AEq
2 1 2732 2733 2734 AAdd
2 1 593 559 2735 AEq
2 1 2734 2735 2736 AAdd
2 1 593 451 2737 AEq
2 1 2736 2737 2738 AAdd
2 1 593 733 2739 AEq
2 1 2738 2739 2740 AAdd
2 1 593 809 2741 AEq
2 1 2740 2741 2742 AAdd
2 1 593 939 2743 AEq
2 1 2742 2743 2744 AAdd
2 1 593 488 2745 AEq
2 1 2744 2745 2746 AAdd
2 1 593 815 2747 AEq
2 1 2746 2747 2748 AAdd
2 1 593 317 2749 AEq
2 1 2748 2749 2750 AAdd
2 1 593 179 2751 AEq
2 1 2750 2751 2752 AAdd
2 1 593 114 2753 AEq
2 1 2752 2753 2754 AAdd
2 1 593 63 2755 AEq
2 1 2754 2755 2756 AAdd
2 1 593 220 2757 AEq
2 1 2756 2757 2758 AAdd
2 1 593 234 2759 AEq
2 1 2758 2759 2760 AAdd
2 1 593 172 2761 AEq
2 1 2760 2761 2762 AAdd
2 1 593 590 2763 AEq
2 1 2762 2763 2764 AAdd
2 1 593 577 2765 AEq
2 1 2764 2765 2766 AAdd
2 1 593 678 2767 AEq
2 1 2766 2767 2768 AAdd
2 1 593 108 2769 AEq
2 1 2768 2769 2770 AAdd
2 1 593 705 2771 AEq
2 1 2770 2771 2772 AAdd
2 1 593 189 2773 AEq
2 1 2772 2773 2774 AAdd
2 1 593 80 2775 AEq
2 1 2774 2775 2776 AAdd
2 1 593 465 2777 AEq
2 1 2776 2777 2778 AAdd
2 1 593 932 2779 AEq
2 1 2778 2779 2780 AAdd
2 1 593 142 2781 AEq
2 1 2780 2781 2782 AAdd
2 1 593 349 2783 AEq
2 1 2782 2783 2784 AAdd
2 1 593 239 2785 AEq
2 1 2784 2785 2786 AAdd
2 1 593 150 2787 AEq
2 1 2786 2787 2788 AAdd
2 1 593 507 2789 AEq
2 1 2788 2789 2790 AAdd
2 1 593 959 2791 AEq
2 1 2790 2791 2792 AAdd
2 1 593 810 2793 AEq
2 1 2792 2793 2794 AAdd
2 1 593 482 2795 AEq
2 1 2794 2795 2796 AAdd
2 1 593 263 2797 AEq
2 1 2796 2797 2798 AAdd
2 1 593 777 2799 AEq
2 1 2798 2799 2800 AAdd
2 1 593 534 2801 AEq
2 1 2800 2801 2802 AAdd
2 1 593 32 2803 AEq
2 1 2802 2803 2804 AAdd
2 1 593 365 2805 AEq
2 1 2804 2805 2806 AAdd
2 1 593 566 2807 AEq
2 1 2806 2807 2808 AAdd
2 1 593 18 2809 AEq
2 1 2808 2809 2810 AAdd
2 1 593 899 2811 AEq
2 1 2810 2811 2812 AAdd
2 1 593 122 2813 AEq
2 1 2812 2813 2814 AAdd
2 1 593 344 2815 AEq
2 1 2814 2815 2816 AAdd
2 1 593 313 2817 AEq
2 1 2816 2817 2818 AAdd
2 1 593 565 2819 AEq
2 1 2818 2819 2820 AAdd
2 1 593 168 2821 AEq
2 1 2820 2821 2822 AAdd
2 1 593 221 2823 AEq
2 1 2822 2823 2824 AAdd
2 1 593 371 2825 AEq
2 1 2824 2825 2826 AAdd
2 1 593 693 2827 AEq
2 1 2826 2827 2828 AAdd
2 1 593 611 2829 AEq
2 1 2828 2829 2830 AAdd
2 1 593 586 2831 AEq
2 1 2830 2831 2832 AAdd
2 1 593 794 2833 AEq
2 1 2832 2833 2834 AAdd
2 1 593 522 2835 AEq
2 1 2834 2835 2836 AAdd
2 1 593 304 2837 AEq
2 1 2836 2837 2838 AAdd
2 1 593 443 2839 AEq
2 1 2838 2839 2840 AAdd
2 1 593 749 2841 AEq
2 1 2840 2841 2842 AAdd
2 1 593 330 2843 AEq
2 1 2842 2843 2844 AAdd
2 1 593 277 2845 AEq
2 1 2844 2845 2846 AAdd
2 1 593 716 2847 AEq
2 1 2846 2847 2848 AAdd
2 1 593 725 2849 AEq
2 1 2848 2849 2850 AAdd
2 1 593 65 2851 AEq
2 1 2850 2851 2852 AAdd
2 1 593 285 2853 AEq
2 1 2852 2853 2854 AAdd
2 1 593 204 2855 AEq
2 1 2854 2855 2856 AAdd
2 1 593 762 2857 AEq
2 1 2856 2857 2858 AAdd
2 1 593 730 2859 AEq
2 1 2858 2859 2860 AAdd
2 1 593 800 2861 AEq
2 1 2860 2861 2862 AAdd
2 1 593 572 2863 AEq
2 1 2862 2863 2864 AAdd
2 1 593 318 2865 AEq
2 1 2864 2865 2866 AAdd
2 1 593 103 2867 AEq
2 1 2866 2867 2868 AAdd
2 1 593 738 2869 AEq
2 1 2868 2869 2870 AAdd
2 1 593 823 2871 AEq
2 1 2870 2871 2872 AAdd
2 1 593 331 2873 AEq
2 1 2872 2873 2874 AAdd
2 1 593 989 2875 AEq
2 1 2874 2875 2876 AAdd
2 1 593 961 2877 AEq
2 1 2876 2877 2878 AAdd
2 1 593 338 2879 AEq
2 1 2878 2879 2880 AAdd
2 1 593 218 2881 AEq
2 1 2880 2881 2882 AAdd
2 1 593 854 2883 AEq
2 1 2882 2883 2884 AAdd
2 1 593 36 2885 AEq
2 1 2884 2885 2886 AAdd
2 1 593 561 2887 AEq
2 1 2886 2887 2888 AAdd
2 1 593 95 2889 AEq
2 1 2888 2889 2890 AAdd
2 1 593 60 2891 AEq
2 1 2890 2891 2892 AAdd
2 1 593 4 2893 AEq
2 1 2892 2893 2894 AAdd
2 1 593 340 2895 AEq
2 1 2894 2895 2896 AAdd
2 1 593 861 2897 AEq
2 1 2896 2897 2898 AAdd
2 1 593 441 2899 AEq
2 1 2898 2899 2900 AAdd
2 1 593 406 2901 AEq
2 1 2900 2901 2902 AAdd
2 1 593 130 2903 AEq
2 1 2902 2903 2904 AAdd
2 1 593 289 2905 AEq
2 1 2904 2905 2906 AAdd
2 1 593 292 2907 AEq
2 1 2906 2907 2908 AAdd
2 1 593 322 2909 AEq
2 1 2908 2909 2910 AAdd
2 1 593 848 2911 AEq
2 1 2910 2911 2912 AAdd
2 1 593 554 2913 AEq
2 1 2912 2913 2914 AAdd
2 1 593 799 2915 AEq
2 1 2914 2915 2916 AAdd
2 1 593 288 2917 AEq
2 1 2916 2917 2918 AAdd
2 1 593 638 2919 AEq
2 1 2918 2919 2920 AAdd
2 1 593 296 2921 AEq
2 1 2920 2921 2922 AAdd
2 1 593 86 2923 AEq
2 1 2922 2923 2924 AAdd
2 1 593 860 2925 AEq
2 1 2924 2925 2926 AAdd
2 1 593 852 2927 AEq
2 1 2926 2927 2928 AAdd
2 1 593 382 2929 AEq
2 1 2928 2929 2930 AAdd
2 1 593 701 2931 AEq
2 1 2930 2931 2932 AAdd
2 1 593 633 2933 AEq
2 1 2932 2933 2934 AAdd
2 1 593 354 2935 AEq
2 1 2934 2935 2936 AAdd
2 1 593 857 2937 AEq
2 1 2936 2937 2938 AAdd
2 1 593 432 2939 AEq
2 1 2938 2939 2940 AAdd
2 1 593 143 2941 AEq
2 1 2940 2941 2942 AAdd
2 1 593 385 2943 AEq
2 1 2942 2943 2944 AAdd
2 1 593 893 2945 AEq
2 1 2944 2945 2946 AAdd
2 1 593 339 2947 AEq
2 1 2946 2947 2948 AAdd
2 1 593 250 2949 AEq
2 1 2948 2949 2950 AAdd
2 1 593 801 2951 AEq
2 1 2950 2951 2952 AAdd
2 1 593 870 2953 AEq
2 1 2952 2953 2954 AAdd
2 1 593 22 2955 AEq
2 1 2954 2955 2956 AAdd
2 1 593 415 2957 AEq
2 1 2956 2957 2958 AAdd
2 1 593 791 2959 AEq
2 1 2958 2959 2960 AAdd
2 1 593 48 2961 AEq
2 1 2960 2961 2962 AAdd
2 1 593 660 2963 AEq
2 1 2962 2963 2964 AAdd
2 1 593 429 2965 AEq
2 1 2964 2965 2966 AAdd
2 1 593 838 2967 AEq
2 1 2966 2967 2968 AAdd
2 1 593 422 2969 AEq
2 1 2968 2969 2970 AAdd
2 1 593 25 2971 AEq
2 1 2970 2971 2972 AAdd
2 1 593 104 2973 AEq
2 1 2972 2973 2974 AAdd
2 1 593 772 2975 AEq
2 1 2974 2975 2976 AAdd
2 1 593 755 2977 AEq
2 1 2976 2977 2978 AAdd
2 1 593 635 2979 AEq
2 1 2978 2979 2980 AAdd
2 1 593 210 2981 AEq
2 1 2980 2981 2982 AAdd
2 1 593 94 2983 AEq
2 1 2982 2983 2984 AAdd
2 1 593 52 2985 AEq
2 1 2984 2985 2986 AAdd
2 1 593 955 2987 AEq
2 1 2986 2987 2988 AAdd
2 1 593 573 2989 AEq
2 1 2988 2989 2990 AAdd
2 1 593 873 2991 AEq
2 1 2990 2991 2992 AAdd
2 1 593 46 2993 AEq
2 1 2992 2993 2994 AAdd
2 1 593 882 2995 AEq
2 1 2994 2995 2996 AAdd
2 1 593 492 2997 AEq
2 1 2996 2997 2998 AAdd
2 1 593 280 2999 AEq
2 1 2998 2999 3000 AAdd
