447 688
195 1 1 1 1 1 1 1 1 1 1 1 1 1 1 1 1 1 1 1 1 1 1 1 1 1 1 1 1 1 1 1 1 1 1 1 1 1 1 1 1 1 1 1 1 1 1 1 1 1 1 1 1 1 1 1 1 1 1 1 1 1 1 1 1 1 1 1 1 1 1 1 1 1 1 1 1 1 1 1 1 1 1 1 1 1 1 1 1 1 1 1 1 1 1 1 1 1 1 1 1 1 1 1 1 1 1 1 1 1 1 1 1 1 1 1 1 1 1 1 1 1 1 1 1 1 1 1 1 1 1 1 1 1 1 1 1 1 1 1 1 1 1 1 1 1 1 1 1 1 1 1 1 1 1 1 1 1 1 1 1 1 1 1 1 1 1 1 1 1 1 1 1 1 1 1 1 1 1 1 1 1 1 1 1 1 1 1 1 1 1 1 1 1 1 1
4 1 1 1 1

2 1 63 65 195 AMul
2 1 111 71 196 AMul
2 1 196 195 197 AAdd
2 1 197 86 198 AAdd
2 1 198 199 200 ALt
2 1 201 198 202 ASub
2 1 202 200 203 AMul
2 1 203 198 204 AAdd
2 1 201 203 205 ASub
2 1 63 35 206 AMul
2 1 111 60 207 AMul
2 1 207 206 208 AAdd
2 1 208 93 209 AAdd
2 1 209 210 211 ALt
2 1 212 209 213 ASub
2 1 213 211 214 AMul
2 1 214 209 215 AAdd
2 1 212 214 216 ASub
2 1 63 162 217 AMul
2 1 111 82 218 AMul
2 1 218 217 219 AAdd
2 1 219 141 220 AAdd
2 1 220 221 222 ALt
2 1 223 220 224 ASub
2 1 224 222 225 AMul
2 1 225 220 226 AAdd
2 1 223 225 227 ASub
2 1 63 19 228 AMul
2 1 111 122 229 AMul
2 1 229 228 230 AAdd
2 1 230 58 231 AAdd
2 1 231 232 233 ALt
2 1 234 231 235 ASub
2 1 235 233 236 AMul
2 1 236 231 237 AAdd
2 1 234 236 238 ASub
2 1 63 140 239 AMul
2 1 111 129 240 AMul
2 1 240 239 241 AAdd
2 1 241 36 242 AAdd
2 1 242 243 244 ALt
2 1 245 242 246 ASub
2 1 246 244 247 AMul
2 1 247 242 248 AAdd
2 1 245 247 249 ASub
2 1 204 1 250 AMul
2 1 215 14 251 AMul
2 1 251 250 252 AAdd
2 1 226 149 253 AMul
2 1 253 252 254 AAdd
2 1 237 151 255 AMul
2 1 255 254 256 AAdd
2 1 248 124 257 AMul
2 1 257 256 258 AAdd
2 1 258 165 259 AAdd
2 1 259 260 261 ALt
2 1 262 259 263 ASub
2 1 263 261 264 AMul
2 1 264 259 265 AAdd
2 1 262 264 266 ASub
2 1 204 174 267 AMul
2 1 215 107 268 AMul
2 1 268 267 269 AAdd
2 1 226 170 270 AMul
2 1 270 269 271 AAdd
2 1 237 159 272 AMul
2 1 272 271 273 AAdd
2 1 248 142 274 AMul
2 1 274 273 275 AAdd
2 1 275 30 276 AAdd
2 1 276 277 278 ALt
2 1 279 276 280 ASub
2 1 280 278 281 AMul
2 1 281 276 282 AAdd
2 1 279 281 283 ASub
2 1 204 192 284 AMul
2 1 215 8 285 AMul
2 1 285 284 286 AAdd
2 1 226 41 287 AMul
2 1 287 286 288 AAdd
2 1 237 138 289 AMul
2 1 289 288 290 AAdd
2 1 248 76 291 AMul
2 1 291 290 292 AAdd
2 1 292 70 293 AAdd
2 1 293 294 295 ALt
2 1 296 293 297 ASub
2 1 297 295 298 AMul
2 1 298 293 299 AAdd
2 1 296 298 300 ASub
2 1 204 23 301 AMul
2 1 215 193 302 AMul
2 1 302 301 303 AAdd
2 1 226 99 304 AMul
2 1 304 303 305 AAdd
2 1 237 184 306 AMul
2 1 306 305 307 AAdd
2 1 248 85 308 AMul
2 1 308 307 309 AAdd
2 1 309 105 310 AAdd
2 1 310 311 312 ALt
2 1 313 310 314 ASub
2 1 314 312 315 AMul
2 1 315 310 316 AAdd
2 1 313 315 317 ASub
2 1 204 7 318 AMul
2 1 215 106 319 AMul
2 1 319 318 320 AAdd
2 1 226 169 321 AMul
2 1 321 320 322 AAdd
2 1 237 166 323 AMul
2 1 323 322 324 AAdd
2 1 248 144 325 AMul
2 1 325 324 326 AAdd
2 1 326 154 327 AAdd
2 1 327 328 329 ALt
2 1 330 327 331 ASub
2 1 331 329 332 AMul
2 1 332 327 333 AAdd
2 1 330 332 334 ASub
2 1 204 163 335 AMul
2 1 215 104 336 AMul
2 1 336 335 337 AAdd
2 1 226 13 338 AMul
2 1 338 337 339 AAdd
2 1 237 143 340 AMul
2 1 340 339 341 AAdd
2 1 248 24 342 AMul
2 1 342 341 343 AAdd
2 1 343 28 344 AAdd
2 1 344 345 346 ALt
2 1 347 344 348 ASub
2 1 348 346 349 AMul
2 1 349 344 350 AAdd
2 1 347 349 351 ASub
2 1 204 3 352 AMul
2 1 215 108 353 AMul
2 1 353 352 354 AAdd
2 1 226 123 355 AMul
2 1 355 354 356 AAdd
2 1 237 160 357 AMul
2 1 357 356 358 AAdd
2 1 248 95 359 AMul
2 1 359 358 360 AAdd
2 1 360 101 361 AAdd
2 1 361 362 363 ALt
2 1 364 361 365 ASub
2 1 365 363 366 AMul
2 1 366 361 367 AAdd
2 1 364 366 368 ASub
2 1 265 79 369 AMul
2 1 282 189 370 AMul
2 1 370 369 371 AAdd
2 1 299 73 372 AMul
2 1 372 371 373 AAdd
2 1 316 34 374 AMul
2 1 374 373 375 AAdd
2 1 333 90 376 AMul
2 1 376 375 377 AAdd
2 1 350 88 378 AMul
2 1 378 377 379 AAdd
2 1 367 51 380 AMul
2 1 380 379 381 AAdd
2 1 381 117 382 AAdd
2 1 382 383 384 ALt
2 1 385 382 386 ASub
2 1 386 384 387 AMul
2 1 387 382 388 AAdd
2 1 385 387 389 ASub
2 1 265 119 390 AMul
2 1 282 146 391 AMul
2 1 391 390 392 AAdd
2 1 299 78 393 AMul
2 1 393 392 394 AAdd
2 1 316 145 395 AMul
2 1 395 394 396 AAdd
2 1 333 27 397 AMul
2 1 397 396 398 AAdd
2 1 350 75 399 AMul
2 1 399 398 400 AAdd
2 1 367 114 401 AMul
2 1 401 400 402 AAdd
2 1 402 115 403 AAdd
2 1 403 404 405 ALt
2 1 406 403 407 ASub
2 1 407 405 408 AMul
2 1 408 403 409 AAdd
2 1 406 408 410 ASub
2 1 265 59 411 AMul
2 1 282 37 412 AMul
2 1 412 411 413 AAdd
2 1 299 11 414 AMul
2 1 414 413 415 AAdd
2 1 316 21 416 AMul
2 1 416 415 417 AAdd
2 1 333 180 418 AMul
2 1 418 417 419 AAdd
2 1 350 187 420 AMul
2 1 420 419 421 AAdd
2 1 367 128 422 AMul
2 1 422 421 423 AAdd
2 1 423 132 424 AAdd
2 1 424 425 426 ALt
2 1 427 424 428 ASub
2 1 428 426 429 AMul
2 1 429 424 430 AAdd
2 1 427 429 431 ASub
2 1 265 121 432 AMul
2 1 282 110 433 AMul
2 1 433 432 434 AAdd
2 1 299 55 435 AMul
2 1 435 434 436 AAdd
2 1 316 156 437 AMul
2 1 437 436 438 AAdd
2 1 333 49 439 AMul
2 1 439 438 440 AAdd
2 1 350 18 441 AMul
2 1 441 440 442 AAdd
2 1 367 16 443 AMul
2 1 443 442 444 AAdd
2 1 444 113 445 AAdd
2 1 445 446 447 ALt
2 1 448 445 449 ASub
2 1 449 447 450 AMul
2 1 450 445 451 AAdd
2 1 448 450 452 ASub
2 1 265 9 453 AMul
2 1 282 150 454 AMul
2 1 454 453 455 AAdd
2 1 299 87 456 AMul
2 1 456 455 457 AAdd
2 1 316 4 458 AMul
2 1 458 457 459 AAdd
2 1 333 188 460 AMul
2 1 460 459 461 AAdd
2 1 350 135 462 AMul
2 1 462 461 463 AAdd
2 1 367 12 464 AMul
2 1 464 463 465 AAdd
2 1 465 52 466 AAdd
2 1 466 467 468 ALt
2 1 469 466 470 ASub
2 1 470 468 471 AMul
2 1 471 466 472 AAdd
2 1 469 471 473 ASub
2 1 265 179 474 AMul
2 1 282 48 475 AMul
2 1 475 474 476 AAdd
2 1 299 97 477 AMul
2 1 477 476 478 AAdd
2 1 316 109 479 AMul
2 1 479 478 480 AAdd
2 1 333 157 481 AMul
2 1 481 480 482 AAdd
2 1 350 50 483 AMul
2 1 483 482 484 AAdd
2 1 367 72 485 AMul
2 1 485 484 486 AAdd
2 1 486 139 487 AAdd
2 1 487 488 489 ALt
2 1 490 487 491 ASub
2 1 491 489 492 AMul
2 1 492 487 493 AAdd
2 1 490 492 494 ASub
2 1 265 6 495 AMul
2 1 282 148 496 AMul
2 1 496 495 497 AAdd
2 1 299 53 498 AMul
2 1 498 497 499 AAdd
2 1 316 54 500 AMul
2 1 500 499 501 AAdd
2 1 333 43 502 AMul
2 1 502 501 503 AAdd
2 1 350 190 504 AMul
2 1 504 503 505 AAdd
2 1 367 26 506 AMul
2 1 506 505 507 AAdd
2 1 507 81 508 AAdd
2 1 508 509 510 ALt
2 1 511 508 512 ASub
2 1 512 510 513 AMul
2 1 513 508 514 AAdd
2 1 511 513 515 ASub
2 1 265 161 516 AMul
2 1 282 69 517 AMul
2 1 517 516 518 AAdd
2 1 299 66 519 AMul
2 1 519 518 520 AAdd
2 1 316 64 521 AMul
2 1 521 520 522 AAdd
2 1 333 194 523 AMul
2 1 523 522 524 AAdd
2 1 350 158 525 AMul
2 1 525 524 526 AAdd
2 1 367 0 527 AMul
2 1 527 526 528 AAdd
2 1 528 164 529 AAdd
2 1 529 530 531 ALt
2 1 532 529 533 ASub
2 1 533 531 534 AMul
2 1 534 529 535 AAdd
2 1 532 534 536 ASub
2 1 265 186 537 AMul
2 1 282 17 538 AMul
2 1 538 537 539 AAdd
2 1 299 100 540 AMul
2 1 540 539 541 AAdd
2 1 316 147 542 AMul
2 1 542 541 543 AAdd
2 1 333 32 544 AMul
2 1 544 543 545 AAdd
2 1 350 46 546 AMul
2 1 546 545 547 AAdd
2 1 367 42 548 AMul
2 1 548 547 549 AAdd
2 1 549 137 550 AAdd
2 1 550 551 552 ALt
2 1 553 550 554 ASub
2 1 554 552 555 AMul
2 1 555 550 556 AAdd
2 1 553 555 557 ASub
2 1 265 61 558 AMul
2 1 282 67 559 AMul
2 1 559 558 560 AAdd
2 1 299 39 561 AMul
2 1 561 560 562 AAdd
2 1 316 182 563 AMul
2 1 563 562 564 AAdd
2 1 333 68 565 AMul
2 1 565 564 566 AAdd
2 1 350 84 567 AMul
2 1 567 566 568 AAdd
2 1 367 38 569 AMul
2 1 569 568 570 AAdd
2 1 570 153 571 AAdd
2 1 571 572 573 ALt
2 1 574 571 575 ASub
2 1 575 573 576 AMul
2 1 576 571 577 AAdd
2 1 574 576 578 ASub
2 1 265 15 579 AMul
2 1 282 177 580 AMul
2 1 580 579 581 AAdd
2 1 299 125 582 AMul
2 1 582 581 583 AAdd
2 1 316 22 584 AMul
2 1 584 583 585 AAdd
2 1 333 172 586 AMul
2 1 586 585 587 AAdd
2 1 350 80 588 AMul
2 1 588 587 589 AAdd
2 1 367 120 590 AMul
2 1 590 589 591 AAdd
2 1 591 31 592 AAdd
2 1 592 593 594 ALt
2 1 595 592 596 ASub
2 1 596 594 597 AMul
2 1 597 592 598 AAdd
2 1 595 597 599 ASub
2 1 388 94 600 AMul
2 1 409 91 601 AMul
2 1 601 600 602 AAdd
2 1 430 33 603 AMul
2 1 603 602 604 AAdd
2 1 451 191 605 AMul
2 1 605 604 606 AAdd
2 1 472 183 607 AMul
2 1 607 606 608 AAdd
2 1 493 171 609 AMul
2 1 609 608 610 AAdd
2 1 514 77 611 AMul
2 1 611 610 612 AAdd
2 1 535 83 613 AMul
2 1 613 612 614 AAdd
2 1 556 57 615 AMul
2 1 615 614 616 AAdd
2 1 577 185 617 AMul
2 1 617 616 618 AAdd
2 1 598 2 619 AMul
2 1 619 618 620 AAdd
2 1 620 20 687 AAdd
2 1 388 40 621 AMul
2 1 409 29 622 AMul
2 1 622 621 623 AAdd
2 1 430 116 624 AMul
2 1 624 623 625 AAdd
2 1 451 103 626 AMul
2 1 626 625 627 AAdd
2 1 472 178 628 AMul
2 1 628 627 629 AAdd
2 1 493 136 630 AMul
2 1 630 629 631 AAdd
2 1 514 118 632 AMul
2 1 632 631 633 AAdd
2 1 535 175 634 AMul
2 1 634 633 635 AAdd
2 1 556 10 636 AMul
2 1 636 635 637 AAdd
2 1 577 181 638 AMul
2 1 638 637 639 AAdd
2 1 598 92 640 AMul
2 1 640 639 641 AAdd
2 1 641 47 684 AAdd
2 1 388 155 642 AMul
2 1 409 168 643 AMul
2 1 643 642 644 AAdd
2 1 430 25 645 AMul
2 1 645 644 646 AAdd
2 1 451 102 647 AMul
2 1 647 646 648 AAdd
2 1 472 176 649 AMul
2 1 649 648 650 AAdd
2 1 493 112 651 AMul
2 1 651 650 652 AAdd
2 1 514 173 653 AMul
2 1 653 652 654 AAdd
2 1 535 74 655 AMul
2 1 655 654 656 AAdd
2 1 556 56 657 AMul
2 1 657 656 658 AAdd
2 1 577 62 659 AMul
2 1 659 658 660 AAdd
2 1 598 45 661 AMul
2 1 661 660 662 AAdd
2 1 662 89 686 AAdd
2 1 388 134 663 AMul
2 1 409 127 664 AMul
2 1 664 663 665 AAdd
2 1 430 44 666 AMul
2 1 666 665 667 AAdd
2 1 451 152 668 AMul
2 1 668 667 669 AAdd
2 1 472 133 670 AMul
2 1 670 669 671 AAdd
2 1 493 131 672 AMul
2 1 672 671 673 AAdd
2 1 514 5 674 AMul
2 1 674 673 675 AAdd
2 1 535 98 676 AMul
2 1 676 675 677 AAdd
2 1 556 126 678 AMul
2 1 678 677 679 AAdd
2 1 577 130 680 AMul
2 1 680 679 681 AAdd
2 1 598 96 682 AMul
2 1 682 681 683 AAdd
2 1 683 167 685 AAdd
