600 985
385 1 1 1 1 1 1 1 1 1 1 1 1 1 1 1 1 1 1 1 1 1 1 1 1 1 1 1 1 1 1 1 1 1 1 1 1 1 1 1 1 1 1 1 1 1 1 1 1 1 1 1 1 1 1 1 1 1 1 1 1 1 1 1 1 1 1 1 1 1 1 1 1 1 1 1 1 1 1 1 1 1 1 1 1 1 1 1 1 1 1 1 1 1 1 1 1 1 1 1 1 1 1 1 1 1 1 1 1 1 1 1 1 1 1 1 1 1 1 1 1 1 1 1 1 1 1 1 1 1 1 1 1 1 1 1 1 1 1 1 1 1 1 1 1 1 1 1 1 1 1 1 1 1 1 1 1 1 1 1 1 1 1 1 1 1 1 1 1 1 1 1 1 1 1 1 1 1 1 1 1 1 1 1 1 1 1 1 1 1 1 1 1 1 1 1 1 1 1 1 1 1 1 1 1 1 1 1 1 1 1 1 1 1 1 1 1 1 1 1 1 1 1 1 1 1 1 1 1 1 1 1 1 1 1 1 1 1 1 1 1 1 1 1 1 1 1 1 1 1 1 1 1 1 1 1 1 1 1 1 1 1 1 1 1 1 1 1 1 1 1 1 1 1 1 1 1 1 1 1 1 1 1 1 1 1 1 1 1 1 1 1 1 1 1 1 1 1 1 1 1 1 1 1 1 1 1 1 1 1 1 1 1 1 1 1 1 1 1 1 1 1 1 1 1 1 1 1 1 1 1 1 1 1 1 1 1 1 1 1 1 1 1 1 1 1 1 1 1 1 1 1 1 1 1 1 1 1 1 1 1 1 1 1 1 1 1 1 1 1 1 1 1 1 1 1 1 1 1 1 1 1 1 1 1 1
75 1 1 1 1 1 1 1 1 1 1 1 1 1 1 1 1 1 1 1 1 1 1 1 1 1 1 1 1 1 1 1 1 1 1 1 1 1 1 1 1 1 1 1 1 1 1 1 1 1 1 1 1 1 1 1 1 1 1 1 1 1 1 1 1 1 1 1 1 1 1 1 1 1 1 1

2 1 374 27 385 AAdd
2 1 385 205 386 AAdd
2 1 386 216 387 AAdd
2 1 387 316 388 AAdd
2 1 388 148 389 AAdd
2 1 389 113 390 AAdd
2 1 390 315 391 AAdd
2 1 391 243 933 AAdd
2 1 348 307 392 AAdd
2 1 392 180 393 AAdd
2 1 393 167 394 AAdd
2 1 394 77 395 AAdd
2 1 395 59 396 AAdd
2 1 396 157 397 AAdd
2 1 397 383 398 AAdd
2 1 398 84 978 AAdd
2 1 301 324 399 AAdd
2 1 399 54 400 AAdd
2 1 400 288 401 AAdd
2 1 401 132 402 AAdd
2 1 402 115 403 AAdd
2 1 403 139 404 AAdd
2 1 404 378 405 AAdd
2 1 405 381 937 AAdd
2 1 285 128 406 AAdd
2 1 406 173 407 AAdd
2 1 407 117 408 AAdd
2 1 408 110 409 AAdd
2 1 409 14 410 AAdd
2 1 410 226 411 AAdd
2 1 411 182 412 AAdd
2 1 412 179 982 AAdd
2 1 240 39 413 AAdd
2 1 413 104 414 AAdd
2 1 414 34 415 AAdd
2 1 415 52 416 AAdd
2 1 416 26 417 AAdd
2 1 417 370 418 AAdd
2 1 418 252 419 AAdd
2 1 419 121 983 AAdd
2 1 205 247 420 AAdd
2 1 420 256 421 AAdd
2 1 421 148 422 AAdd
2 1 422 203 423 AAdd
2 1 423 108 424 AAdd
2 1 424 243 425 AAdd
2 1 425 13 426 AAdd
2 1 426 166 972 AAdd
2 1 180 125 427 AAdd
2 1 427 49 428 AAdd
2 1 428 59 429 AAdd
2 1 429 82 430 AAdd
2 1 430 164 431 AAdd
2 1 431 84 432 AAdd
2 1 432 380 433 AAdd
2 1 433 325 970 AAdd
2 1 54 354 434 AAdd
2 1 434 320 435 AAdd
2 1 435 115 436 AAdd
2 1 436 67 437 AAdd
2 1 437 127 438 AAdd
2 1 438 381 439 AAdd
2 1 439 56 440 AAdd
2 1 440 15 944 AAdd
2 1 173 250 441 AAdd
2 1 441 118 442 AAdd
2 1 442 14 443 AAdd
2 1 443 41 444 AAdd
2 1 444 200 445 AAdd
2 1 445 179 446 AAdd
2 1 446 11 447 AAdd
2 1 447 263 910 AAdd
2 1 104 72 448 AAdd
2 1 448 262 449 AAdd
2 1 449 26 450 AAdd
2 1 450 9 451 AAdd
2 1 451 258 452 AAdd
2 1 452 121 453 AAdd
2 1 453 277 454 AAdd
2 1 454 88 949 AAdd
2 1 256 310 455 AAdd
2 1 455 123 456 AAdd
2 1 456 108 457 AAdd
2 1 457 36 458 AAdd
2 1 458 253 459 AAdd
2 1 459 166 460 AAdd
2 1 460 170 461 AAdd
2 1 461 197 967 AAdd
2 1 49 120 462 AAdd
2 1 462 191 463 AAdd
2 1 463 164 464 AAdd
2 1 464 302 465 AAdd
2 1 465 135 466 AAdd
2 1 466 325 467 AAdd
2 1 467 35 468 AAdd
2 1 468 337 921 AAdd
2 1 320 362 469 AAdd
2 1 469 99 470 AAdd
2 1 470 127 471 AAdd
2 1 471 100 472 AAdd
2 1 472 300 473 AAdd
2 1 473 15 474 AAdd
2 1 474 111 475 AAdd
2 1 475 177 915 AAdd
2 1 118 193 476 AAdd
2 1 476 147 477 AAdd
2 1 477 200 478 AAdd
2 1 478 376 479 AAdd
2 1 479 275 480 AAdd
2 1 480 263 481 AAdd
2 1 481 291 482 AAdd
2 1 482 18 969 AAdd
2 1 262 242 483 AAdd
2 1 483 204 484 AAdd
2 1 484 258 485 AAdd
2 1 485 223 486 AAdd
2 1 486 289 487 AAdd
2 1 487 88 488 AAdd
2 1 488 264 489 AAdd
2 1 489 155 919 AAdd
2 1 123 304 490 AAdd
2 1 490 94 491 AAdd
2 1 491 253 492 AAdd
2 1 492 24 493 AAdd
2 1 493 269 494 AAdd
2 1 494 197 495 AAdd
2 1 495 232 496 AAdd
2 1 496 346 940 AAdd
2 1 191 45 497 AAdd
2 1 497 228 498 AAdd
2 1 498 135 499 AAdd
2 1 499 336 500 AAdd
2 1 500 55 501 AAdd
2 1 501 337 502 AAdd
2 1 502 209 503 AAdd
2 1 503 323 924 AAdd
2 1 99 313 504 AAdd
2 1 504 309 505 AAdd
2 1 505 300 506 AAdd
2 1 506 237 507 AAdd
2 1 507 236 508 AAdd
2 1 508 177 509 AAdd
2 1 509 187 510 AAdd
2 1 510 299 930 AAdd
2 1 147 189 511 AAdd
2 1 511 273 512 AAdd
2 1 512 275 513 AAdd
2 1 513 98 514 AAdd
2 1 514 10 515 AAdd
2 1 515 18 516 AAdd
2 1 516 150 517 AAdd
2 1 517 44 971 AAdd
2 1 204 6 518 AAdd
2 1 518 38 519 AAdd
2 1 519 289 520 AAdd
2 1 520 328 521 AAdd
2 1 521 245 522 AAdd
2 1 522 155 523 AAdd
2 1 523 192 524 AAdd
2 1 524 371 939 AAdd
2 1 94 30 525 AAdd
2 1 525 145 526 AAdd
2 1 526 269 527 AAdd
2 1 527 58 528 AAdd
2 1 528 267 529 AAdd
2 1 529 346 530 AAdd
2 1 530 152 531 AAdd
2 1 531 372 928 AAdd
2 1 228 331 532 AAdd
2 1 532 327 533 AAdd
2 1 533 55 534 AAdd
2 1 534 233 535 AAdd
2 1 535 168 536 AAdd
2 1 536 323 537 AAdd
2 1 537 21 538 AAdd
2 1 538 278 958 AAdd
2 1 309 352 539 AAdd
2 1 539 350 540 AAdd
2 1 540 236 541 AAdd
2 1 541 186 542 AAdd
2 1 542 306 543 AAdd
2 1 543 299 544 AAdd
2 1 544 319 545 AAdd
2 1 545 230 963 AAdd
2 1 273 357 546 AAdd
2 1 546 73 547 AAdd
2 1 547 10 548 AAdd
2 1 548 255 549 AAdd
2 1 549 162 550 AAdd
2 1 550 44 551 AAdd
2 1 551 218 552 AAdd
2 1 552 330 952 AAdd
2 1 38 207 553 AAdd
2 1 553 355 554 AAdd
2 1 554 245 555 AAdd
2 1 555 361 556 AAdd
2 1 556 276 557 AAdd
2 1 557 371 558 AAdd
2 1 558 126 559 AAdd
2 1 559 68 977 AAdd
2 1 113 315 560 AAdd
2 1 560 243 561 AAdd
2 1 561 254 562 AAdd
2 1 562 341 563 AAdd
2 1 563 321 564 AAdd
2 1 564 234 565 AAdd
2 1 565 174 566 AAdd
2 1 566 74 973 AAdd
2 1 157 383 567 AAdd
2 1 567 84 568 AAdd
2 1 568 279 569 AAdd
2 1 569 158 570 AAdd
2 1 570 377 571 AAdd
2 1 571 340 572 AAdd
2 1 572 261 573 AAdd
2 1 573 215 943 AAdd
2 1 139 378 574 AAdd
2 1 574 381 575 AAdd
2 1 575 154 576 AAdd
2 1 576 1 577 AAdd
2 1 577 225 578 AAdd
2 1 578 283 579 AAdd
2 1 579 364 580 AAdd
2 1 580 196 935 AAdd
2 1 226 182 581 AAdd
2 1 581 179 582 AAdd
2 1 582 70 583 AAdd
2 1 583 119 584 AAdd
2 1 584 178 585 AAdd
2 1 585 81 586 AAdd
2 1 586 31 587 AAdd
2 1 587 8 914 AAdd
2 1 370 252 588 AAdd
2 1 588 121 589 AAdd
2 1 589 146 590 AAdd
2 1 590 342 591 AAdd
2 1 591 78 592 AAdd
2 1 592 360 593 AAdd
2 1 593 37 594 AAdd
2 1 594 62 911 AAdd
2 1 243 13 595 AAdd
2 1 595 166 596 AAdd
2 1 596 321 597 AAdd
2 1 597 7 598 AAdd
2 1 598 183 599 AAdd
2 1 599 74 600 AAdd
2 1 600 318 601 AAdd
2 1 601 64 927 AAdd
2 1 84 380 602 AAdd
2 1 602 325 603 AAdd
2 1 603 377 604 AAdd
2 1 604 281 605 AAdd
2 1 605 95 606 AAdd
2 1 606 215 607 AAdd
2 1 607 23 608 AAdd
2 1 608 220 917 AAdd
2 1 381 56 609 AAdd
2 1 609 15 610 AAdd
2 1 610 225 611 AAdd
2 1 611 359 612 AAdd
2 1 612 92 613 AAdd
2 1 613 196 614 AAdd
2 1 614 222 615 AAdd
2 1 615 210 956 AAdd
2 1 179 11 616 AAdd
2 1 616 263 617 AAdd
2 1 617 178 618 AAdd
2 1 618 75 619 AAdd
2 1 619 143 620 AAdd
2 1 620 8 621 AAdd
2 1 621 280 622 AAdd
2 1 622 101 912 AAdd
2 1 121 277 623 AAdd
2 1 623 88 624 AAdd
2 1 624 78 625 AAdd
2 1 625 373 626 AAdd
2 1 626 259 627 AAdd
2 1 627 62 628 AAdd
2 1 628 91 629 AAdd
2 1 629 105 957 AAdd
2 1 166 170 630 AAdd
2 1 630 197 631 AAdd
2 1 631 183 632 AAdd
2 1 632 172 633 AAdd
2 1 633 42 634 AAdd
2 1 634 64 635 AAdd
2 1 635 71 636 AAdd
2 1 636 160 913 AAdd
2 1 325 35 637 AAdd
2 1 637 337 638 AAdd
2 1 638 95 639 AAdd
2 1 639 246 640 AAdd
2 1 640 22 641 AAdd
2 1 641 220 642 AAdd
2 1 642 334 643 AAdd
2 1 643 329 941 AAdd
2 1 15 111 644 AAdd
2 1 644 177 645 AAdd
2 1 645 92 646 AAdd
2 1 646 169 647 AAdd
2 1 647 202 648 AAdd
2 1 648 210 649 AAdd
2 1 649 384 650 AAdd
2 1 650 80 981 AAdd
2 1 263 291 651 AAdd
2 1 651 18 652 AAdd
2 1 652 143 653 AAdd
2 1 653 47 654 AAdd
2 1 654 224 655 AAdd
2 1 655 101 656 AAdd
2 1 656 20 657 AAdd
2 1 657 375 964 AAdd
2 1 88 264 658 AAdd
2 1 658 155 659 AAdd
2 1 659 259 660 AAdd
2 1 660 274 661 AAdd
2 1 661 112 662 AAdd
2 1 662 105 663 AAdd
2 1 663 185 664 AAdd
2 1 664 368 979 AAdd
2 1 197 232 665 AAdd
2 1 665 346 666 AAdd
2 1 666 42 667 AAdd
2 1 667 57 668 AAdd
2 1 668 292 669 AAdd
2 1 669 160 670 AAdd
2 1 670 286 671 AAdd
2 1 671 43 951 AAdd
2 1 337 209 672 AAdd
2 1 672 323 673 AAdd
2 1 673 22 674 AAdd
2 1 674 114 675 AAdd
2 1 675 144 676 AAdd
2 1 676 329 677 AAdd
2 1 677 332 678 AAdd
2 1 678 266 984 AAdd
2 1 177 187 679 AAdd
2 1 679 299 680 AAdd
2 1 680 202 681 AAdd
2 1 681 212 682 AAdd
2 1 682 181 683 AAdd
2 1 683 80 684 AAdd
2 1 684 379 685 AAdd
2 1 685 249 934 AAdd
2 1 18 150 686 AAdd
2 1 686 44 687 AAdd
2 1 687 224 688 AAdd
2 1 688 63 689 AAdd
2 1 689 268 690 AAdd
2 1 690 375 691 AAdd
2 1 691 305 692 AAdd
2 1 692 116 918 AAdd
2 1 155 192 693 AAdd
2 1 693 371 694 AAdd
2 1 694 112 695 AAdd
2 1 695 134 696 AAdd
2 1 696 28 697 AAdd
2 1 697 368 698 AAdd
2 1 698 338 699 AAdd
2 1 699 87 954 AAdd
2 1 346 152 700 AAdd
2 1 700 372 701 AAdd
2 1 701 292 702 AAdd
2 1 702 363 703 AAdd
2 1 703 4 704 AAdd
2 1 704 43 705 AAdd
2 1 705 66 706 AAdd
2 1 706 221 942 AAdd
2 1 323 21 707 AAdd
2 1 707 278 708 AAdd
2 1 708 144 709 AAdd
2 1 709 85 710 AAdd
2 1 710 149 711 AAdd
2 1 711 266 712 AAdd
2 1 712 184 713 AAdd
2 1 713 96 925 AAdd
2 1 299 319 714 AAdd
2 1 714 230 715 AAdd
2 1 715 181 716 AAdd
2 1 716 102 717 AAdd
2 1 717 382 718 AAdd
2 1 718 249 719 AAdd
2 1 719 293 720 AAdd
2 1 720 231 946 AAdd
2 1 44 218 721 AAdd
2 1 721 330 722 AAdd
2 1 722 268 723 AAdd
2 1 723 265 724 AAdd
2 1 724 201 725 AAdd
2 1 725 116 726 AAdd
2 1 726 241 727 AAdd
2 1 727 5 968 AAdd
2 1 371 126 728 AAdd
2 1 728 68 729 AAdd
2 1 729 28 730 AAdd
2 1 730 171 731 AAdd
2 1 731 195 732 AAdd
2 1 732 87 733 AAdd
2 1 733 270 734 AAdd
2 1 734 298 955 AAdd
2 1 234 174 735 AAdd
2 1 735 74 736 AAdd
2 1 736 109 737 AAdd
2 1 737 296 738 AAdd
2 1 738 48 739 AAdd
2 1 739 335 740 AAdd
2 1 740 175 741 AAdd
2 1 741 326 975 AAdd
2 1 340 261 742 AAdd
2 1 742 215 743 AAdd
2 1 743 83 744 AAdd
2 1 744 211 745 AAdd
2 1 745 229 746 AAdd
2 1 746 322 747 AAdd
2 1 747 257 748 AAdd
2 1 748 367 976 AAdd
2 1 283 364 749 AAdd
2 1 749 196 750 AAdd
2 1 750 333 751 AAdd
2 1 751 29 752 AAdd
2 1 752 89 753 AAdd
2 1 753 107 754 AAdd
2 1 754 365 755 AAdd
2 1 755 244 959 AAdd
2 1 81 31 756 AAdd
2 1 756 8 757 AAdd
2 1 757 308 758 AAdd
2 1 758 345 759 AAdd
2 1 759 369 760 AAdd
2 1 760 176 761 AAdd
2 1 761 69 762 AAdd
2 1 762 312 922 AAdd
2 1 360 37 763 AAdd
2 1 763 62 764 AAdd
2 1 764 238 765 AAdd
2 1 765 138 766 AAdd
2 1 766 347 767 AAdd
2 1 767 106 768 AAdd
2 1 768 76 769 AAdd
2 1 769 3 953 AAdd
2 1 74 318 770 AAdd
2 1 770 64 771 AAdd
2 1 771 48 772 AAdd
2 1 772 156 773 AAdd
2 1 773 124 774 AAdd
2 1 774 326 775 AAdd
2 1 775 133 776 AAdd
2 1 776 235 945 AAdd
2 1 215 23 777 AAdd
2 1 777 220 778 AAdd
2 1 778 229 779 AAdd
2 1 779 297 780 AAdd
2 1 780 129 781 AAdd
2 1 781 367 782 AAdd
2 1 782 97 783 AAdd
2 1 783 290 929 AAdd
2 1 196 222 784 AAdd
2 1 784 210 785 AAdd
2 1 785 89 786 AAdd
2 1 786 248 787 AAdd
2 1 787 287 788 AAdd
2 1 788 244 789 AAdd
2 1 789 51 790 AAdd
2 1 790 165 974 AAdd
2 1 8 280 791 AAdd
2 1 791 101 792 AAdd
2 1 792 369 793 AAdd
2 1 793 163 794 AAdd
2 1 794 33 795 AAdd
2 1 795 312 796 AAdd
2 1 796 46 797 AAdd
2 1 797 295 980 AAdd
2 1 62 91 798 AAdd
2 1 798 105 799 AAdd
2 1 799 347 800 AAdd
2 1 800 60 801 AAdd
2 1 801 0 802 AAdd
2 1 802 3 803 AAdd
2 1 803 227 804 AAdd
2 1 804 90 932 AAdd
2 1 64 71 805 AAdd
2 1 805 160 806 AAdd
2 1 806 124 807 AAdd
2 1 807 351 808 AAdd
2 1 808 141 809 AAdd
2 1 809 235 810 AAdd
2 1 810 251 811 AAdd
2 1 811 311 947 AAdd
2 1 220 334 812 AAdd
2 1 812 329 813 AAdd
2 1 813 129 814 AAdd
2 1 814 314 815 AAdd
2 1 815 339 816 AAdd
2 1 816 290 817 AAdd
2 1 817 194 818 AAdd
2 1 818 137 926 AAdd
2 1 210 384 819 AAdd
2 1 819 80 820 AAdd
2 1 820 287 821 AAdd
2 1 821 151 822 AAdd
2 1 822 19 823 AAdd
2 1 823 165 824 AAdd
2 1 824 140 825 AAdd
2 1 825 366 920 AAdd
2 1 101 20 826 AAdd
2 1 826 375 827 AAdd
2 1 827 33 828 AAdd
2 1 828 214 829 AAdd
2 1 829 282 830 AAdd
2 1 830 295 831 AAdd
2 1 831 79 832 AAdd
2 1 832 271 962 AAdd
2 1 105 185 833 AAdd
2 1 833 368 834 AAdd
2 1 834 0 835 AAdd
2 1 835 219 836 AAdd
2 1 836 16 837 AAdd
2 1 837 90 838 AAdd
2 1 838 188 839 AAdd
2 1 839 284 966 AAdd
2 1 160 286 840 AAdd
2 1 840 43 841 AAdd
2 1 841 141 842 AAdd
2 1 842 317 843 AAdd
2 1 843 349 844 AAdd
2 1 844 311 845 AAdd
2 1 845 260 846 AAdd
2 1 846 272 950 AAdd
2 1 329 332 847 AAdd
2 1 847 266 848 AAdd
2 1 848 339 849 AAdd
2 1 849 103 850 AAdd
2 1 850 294 851 AAdd
2 1 851 137 852 AAdd
2 1 852 217 853 AAdd
2 1 853 32 961 AAdd
2 1 80 379 854 AAdd
2 1 854 249 855 AAdd
2 1 855 19 856 AAdd
2 1 856 358 857 AAdd
2 1 857 93 858 AAdd
2 1 858 366 859 AAdd
2 1 859 343 860 AAdd
2 1 860 25 916 AAdd
2 1 375 305 861 AAdd
2 1 861 116 862 AAdd
2 1 862 282 863 AAdd
2 1 863 208 864 AAdd
2 1 864 198 865 AAdd
2 1 865 271 866 AAdd
2 1 866 86 867 AAdd
2 1 867 136 923 AAdd
2 1 368 338 868 AAdd
2 1 868 87 869 AAdd
2 1 869 16 870 AAdd
2 1 870 344 871 AAdd
2 1 871 206 872 AAdd
2 1 872 284 873 AAdd
2 1 873 53 874 AAdd
2 1 874 213 948 AAdd
2 1 43 66 875 AAdd
2 1 875 221 876 AAdd
2 1 876 349 877 AAdd
2 1 877 122 878 AAdd
2 1 878 131 879 AAdd
2 1 879 272 880 AAdd
2 1 880 161 881 AAdd
2 1 881 239 936 AAdd
2 1 266 184 882 AAdd
2 1 882 96 883 AAdd
2 1 883 294 884 AAdd
2 1 884 303 885 AAdd
2 1 885 353 886 AAdd
2 1 886 32 887 AAdd
2 1 887 65 888 AAdd
2 1 888 61 960 AAdd
2 1 249 293 889 AAdd
2 1 889 231 890 AAdd
2 1 890 93 891 AAdd
2 1 891 159 892 AAdd
2 1 892 356 893 AAdd
2 1 893 25 894 AAdd
2 1 894 12 895 AAdd
2 1 895 190 965 AAdd
2 1 116 241 896 AAdd
2 1 896 5 897 AAdd
2 1 897 198 898 AAdd
2 1 898 50 899 AAdd
2 1 899 2 900 AAdd
2 1 900 136 901 AAdd
2 1 901 199 902 AAdd
2 1 902 130 931 AAdd
2 1 87 270 903 AAdd
2 1 903 298 904 AAdd
2 1 904 206 905 AAdd
2 1 905 153 906 AAdd
2 1 906 142 907 AAdd
2 1 907 213 908 AAdd
2 1 908 17 909 AAdd
2 1 909 40 938 AAdd
