105 137
32 1 1 1 1 1 1 1 1 1 1 1 1 1 1 1 1 1 1 1 1 1 1 1 1 1 1 1 1 1 1 1 1
15 1 1 1 1 1 1 1 1 1 1 1 1 1 1 1

2 1 19 27 32 AMul
2 1 12 6 33 AMul
2 1 21 8 34 AMul
2 1 7 25 35 AMul
2 1 32 33 36 AAdd
2 1 36 34 37 AAdd
2 1 37 35 122 AAdd
2 1 19 3 38 AMul
2 1 12 30 39 AMul
2 1 21 31 40 AMul
2 1 7 16 41 AMul
2 1 38 39 42 AAdd
2 1 42 40 43 AAdd
2 1 43 41 125 AAdd
2 1 19 14 44 AMul
2 1 12 23 45 AMul
2 1 21 13 46 AMul
2 1 7 1 47 AMul
2 1 44 45 48 AAdd
2 1 48 46 49 AAdd
2 1 49 47 128 AAdd
2 1 19 15 50 AMul
2 1 12 20 51 AMul
2 1 21 28 52 AMul
2 1 7 17 53 AMul
2 1 50 51 54 AAdd
2 1 54 52 55 AAdd
2 1 55 53 126 AAdd
2 1 19 4 56 AMul
2 1 12 9 57 AMul
2 1 21 5 58 AMul
2 1 7 24 59 AMul
2 1 56 57 60 AAdd
2 1 60 58 61 AAdd
2 1 61 59 129 AAdd
2 1 0 27 62 AMul
2 1 29 6 63 AMul
2 1 10 8 64 AMul
2 1 22 25 65 AMul
2 1 62 63 66 AAdd
2 1 66 64 67 AAdd
2 1 67 65 135 AAdd
2 1 0 3 68 AMul
2 1 29 30 69 AMul
2 1 10 31 70 AMul
2 1 22 16 71 AMul
2 1 68 69 72 AAdd
2 1 72 70 73 AAdd
2 1 73 71 133 AAdd
2 1 0 14 74 AMul
2 1 29 23 75 AMul
2 1 10 13 76 AMul
2 1 22 1 77 AMul
2 1 74 75 78 AAdd
2 1 78 76 79 AAdd
2 1 79 77 136 AAdd
2 1 0 15 80 AMul
2 1 29 20 81 AMul
2 1 10 28 82 AMul
2 1 22 17 83 AMul
2 1 80 81 84 AAdd
2 1 84 82 85 AAdd
2 1 85 83 134 AAdd
2 1 0 4 86 AMul
2 1 29 9 87 AMul
2 1 10 5 88 AMul
2 1 22 24 89 AMul
2 1 86 87 90 AAdd
2 1 90 88 91 AAdd
2 1 91 89 127 AAdd
2 1 2 27 92 AMul
2 1 11 6 93 AMul
2 1 26 8 94 AMul
2 1 18 25 95 AMul
2 1 92 93 96 AAdd
2 1 96 94 97 AAdd
2 1 97 95 132 AAdd
2 1 2 3 98 AMul
2 1 11 30 99 AMul
2 1 26 31 100 AMul
2 1 18 16 101 AMul
2 1 98 99 102 AAdd
2 1 102 100 103 AAdd
2 1 103 101 130 AAdd
2 1 2 14 104 AMul
2 1 11 23 105 AMul
2 1 26 13 106 AMul
2 1 18 1 107 AMul
2 1 104 105 108 AAdd
2 1 108 106 109 AAdd
2 1 109 107 123 AAdd
2 1 2 15 110 AMul
2 1 11 20 111 AMul
2 1 26 28 112 AMul
2 1 18 17 113 AMul
2 1 110 111 114 AAdd
2 1 114 112 115 AAdd
2 1 115 113 124 AAdd
2 1 2 4 116 AMul
2 1 11 9 117 AMul
2 1 26 5 118 AMul
2 1 18 24 119 AMul
2 1 116 117 120 AAdd
2 1 120 118 121 AAdd
2 1 121 119 131 AAdd
